# A_lens r_tensor beta_d epsilon_ds alpha_d_bb amp_d_bb beta_s alpha_s_bb amp_s_bb 
0 0.966089646473424 0.00161247708682317 1.53694421871315 0.0407899086451428 -0.161294920797625 28.1330503795097 -2.95293720206228 -1.15609151783704 1.51042454871589 
1 0.966644009595713 0.00418880177544274 1.55089634828828 -0.0566966822012976 -0.0781398576941499 26.4916357611101 -3.03013375581656 -0.905720100875601 1.61755286876928 
2 1.00704345005723 -0.000342410136299133 1.54571864201835 0.0292312943635455 -0.142790599496425 27.9563473038411 -3.05851744483033 -1.07319882196696 1.73024196205779 
3 1.03756960037371 -0.00199425602973185 1.5308130422234 0.0228849299987968 -0.154275682784018 28.5632645526077 -2.97846126501249 -1.0760541544905 1.43715748523428 
4 0.971517641791633 0.00194021951251173 1.54916034409726 0.0354822422217163 -0.179942076811129 28.423412471701 -2.91335850050889 -0.922319674425871 1.67216912974735 
5 0.960783677477582 0.00103734748317073 1.54226846097359 -0.0149968307282826 -0.143618118323046 28.0332673927066 -3.01315111370721 -0.957537314623441 1.59954599561578 
6 0.976420357263264 -0.000998279555031248 1.54317733560783 -0.000210537964187893 -0.0875957393421962 26.7456220412559 -2.97355544560517 -0.898292333929197 1.52168903153305 
7 1.00060167422073 0.00139882037608311 1.54064818127159 0.0158475330705341 -0.202527145928019 29.9334551067856 -3.03522768909304 -0.840412025838553 1.63182296293861 
8 0.994470643807876 -0.00183868278559194 1.54838940974446 -0.00499298326791567 -0.146177859570275 27.9894010489486 -3.01542028980856 -1.0040743402644 1.62219595287633 
9 0.956325273577321 -6.12683625315961e-05 1.5289656800461 0.033419830204339 -0.133518476280347 27.0190445607094 -3.00303617103028 -0.905980339928848 1.63318267615522 
10 1.03282671751951 -0.00413807571012388 1.54380058677014 0.0150018693048738 -0.162639968627907 27.3041102910283 -3.05953685458806 -0.844233202640646 1.81869148814341 
11 0.994910688034704 -0.000812256162928901 1.54551555094567 0.0525254821682265 -0.132027723029469 27.8818699829452 -2.94981497269487 -0.823953073658064 1.57913526609679 
12 0.999466375500297 0.000969143336908601 1.53980026187211 -0.0150429528625616 -0.166523009380601 28.1412526958605 -3.00567516847145 -0.659665497533161 1.86215723680264 
13 1.01457340064021 -6.54458938046103e-05 1.53629316543718 0.0080201738930397 -0.12617922117686 26.7597322456942 -3.02647827434403 -0.851220973213487 1.60862942533441 
14 1.0529412238555 -0.002630670748752 1.53874863295871 -0.0224310219447309 -0.150696569579495 27.78612697458 -3.06458756916378 -1.12448208656011 1.62107180314444 
15 0.984371791899027 0.00147492714996098 1.55041942996344 0.0455449192325763 -0.0995953913899272 27.0281046050665 -3.036433101691 -0.952056889411532 1.72294157985808 
16 1.02093074067634 -3.21272427010841e-05 1.54404258370532 0.0306877821163121 -0.117507222312753 26.7920460929045 -2.94918401241167 -1.14438580569853 1.39364497020968 
17 0.973094852668321 0.00383740150693489 1.53881242838368 -0.0159855023008878 -0.169238561686318 28.289389827741 -2.94177741875122 -1.16512577169118 1.42865327653302 
18 1.001205857474 -0.00237320924104087 1.53086126505312 -0.003764343588723 -0.110745375576267 27.0592397055822 -3.123532896401 -0.744616165373753 1.71887071731319 
19 1.05145448002382 -0.00455048095150421 1.53373968408106 0.0156101210239579 -0.188605099118016 28.577134050628 -2.94247813525309 -0.977865687045478 1.59362004522334 
20 0.984278921743727 0.00229440944989425 1.52848274450633 0.0172471712641269 -0.143517753059256 27.7083418264388 -3.08120734644266 -0.956094272609952 1.46876607848329 
21 1.02266961013341 0.00117819133362712 1.54809284160788 -0.0129103037056495 -0.135254320646689 26.997010716749 -3.02758583817716 -0.890526449077681 1.74571287118766 
22 0.987099552015792 0.000916209282523091 1.54274227379882 -0.00385166395266094 -0.187713114664955 28.4413715235437 -2.94122705482165 -0.87952765483483 1.55031025123264 
23 1.05001896321126 -0.00122061470563383 1.54224433490953 -0.0175385667685996 -0.120746884390423 27.3676755604914 -3.07224909916535 -1.088036989461 1.65103122080536 
24 1.01343016767216 -0.000177828427533497 1.54292406522758 0.00721473296519538 -0.149219733895846 27.9751277607191 -2.96815699571792 -0.806506233074181 1.46282348086047 
25 1.02372321686693 -0.000375358161767337 1.52940435122808 -0.0134902274382799 -0.244426086090225 29.3886455295008 -3.02066216740676 -0.969350113872919 1.66944013376197 
26 0.994934940701053 0.00208485303911585 1.54524842738072 -0.00363556746762944 -0.139211014830641 27.2087119321576 -2.98984508101175 -0.838203853397663 1.7612197690361 
27 1.00615272345332 -0.00151539114481543 1.54577182423884 0.0493427620707358 -0.155824312219666 27.4804572938465 -3.05000271502528 -0.898308577412816 1.70759343692731 
28 1.01990262656241 -0.00248938129683891 1.52491865037738 -0.00961346152329855 -0.163649666959751 27.2773615748184 -3.04835232432329 -1.0395826743465 1.62452432048734 
29 1.03168095335219 -0.000916267424719098 1.53915544153997 -0.0198231432246128 -0.158382087838504 27.3049282056945 -3.00645808947744 -1.16895724137164 1.51754273888602 
30 1.02358900898454 -0.00123271251031091 1.53877286257592 -0.0280502877874366 -0.142735432811587 27.1894787621616 -2.99119689281778 -1.20247415841007 1.36460902411217 
31 1.04165521662073 -0.00358990400865518 1.55321494655091 -0.0331441304644773 -0.123713997617391 28.0318743270507 -2.98528882056676 -1.21106942746882 1.55937092765876 
32 0.984461150930945 0.000472460444087393 1.5447647110158 0.0339994236065471 -0.160265860686582 28.2203086064407 -3.00049809907481 -0.9612705156925 1.63277447352788 
33 0.972055657956013 0.000169577372075594 1.54971731356594 -0.0562862538677412 -0.136448334073041 27.8028960380914 -3.01053743113088 -0.964914610271437 1.61186658285539 
34 1.00228906846131 -0.000583492052225184 1.53956725578415 -0.0116222811168427 -0.155557683977127 28.1761665134698 -2.95402061455835 -0.778701396435602 1.63837988200593 
35 1.00987131710657 0.00370435348974348 1.54190384834294 -0.0298543470731991 -0.177186433351453 29.0804809093017 -2.98767513839958 -0.994690596059089 1.46249610966015 
36 0.944199238172598 0.00197283416150495 1.54455863087567 -0.0125113836229934 -0.124098469169879 27.7200114255788 -3.0102687522597 -0.748185664224559 1.66610742255579 
37 0.998118765354875 -0.000346007456378267 1.55074958465894 -0.0536842848438548 -0.184757225929669 28.6783017365511 -2.98948988638697 -0.993373743984036 1.35259043331834 
38 1.02347386936865 -0.00025084947616986 1.53027293656469 0.019342878280289 -0.200862790512716 28.9103917703727 -3.10583760434692 -0.829711406098919 1.50537905805338 
39 1.01780026043809 0.0019783554128479 1.54281926953148 -0.0649679210433045 -0.230501599576949 30.1921484707826 -3.05666490006388 -0.745798589258145 1.87789986181828 
40 0.993631331355885 -0.000767408276283233 1.53442128297968 -0.0169724244166551 -0.160032832682658 27.8742549372427 -3.06541158322079 -0.50275891661463 1.77284018661785 
41 0.998894119977217 0.00104652133797353 1.53917874336259 -0.0112252928603957 -0.18052135230552 29.343691062904 -2.9495364128696 -0.870048403104283 1.48646872513959 
42 0.972539316389871 8.21350349677131e-05 1.53788038871657 0.0183480721184971 -0.17112443584051 27.537797680372 -3.0320584993011 -0.965850341333063 1.63096905355593 
43 0.959511865924882 0.00141282026786843 1.54102391065846 -0.00427285873665772 -0.132320573001989 26.9580576740384 -3.04418846860365 -0.535944044437683 1.83105303311164 
44 1.00696191204607 0.00151412489681431 1.54302167322325 -0.00472493894640418 -0.17096087579468 28.359776728046 -3.02604616235709 -0.934918417049332 1.66734448205099 
45 0.9788365278859 -0.00142575837553531 1.53968703760398 0.0443092295186726 -0.13105798255887 27.5159996527036 -2.97995141632073 -1.08700844778222 1.45133971963337 
46 0.992627061738057 -4.06328742716653e-05 1.54342178401496 -0.0241143196770634 -0.130502178697464 27.5207671122146 -3.07310246532593 -1.00147594803434 1.51095405314941 
47 0.986536477279472 0.00046826646527123 1.54292357879688 0.0122112840506466 -0.147740932162018 27.5140320671647 -3.04093358355078 -0.883348960675616 1.61877300286174 
48 0.987587002086066 -0.000758480978518103 1.55400258604853 0.0292272854054219 -0.143423314506966 28.3828833882057 -2.96118278235975 -0.848622927122174 1.51627408003272 
49 0.921579941806097 0.00192028929541241 1.54157197923366 0.019945249637044 -0.162586397714289 27.8570751586185 -3.03407778608866 -0.61725469859289 1.75748392576269 
50 0.992861158555387 0.000298165326257904 1.54832320311445 0.0112617570055745 -0.166747691516464 27.8062101901074 -3.01315193449365 -0.737121122484452 1.80688988464839 
51 0.988673536690921 0.00137994112058606 1.53117242585248 -0.0314030966097993 -0.107145013422237 27.3363051014549 -2.97076997982432 -0.984289649823675 1.58850934160273 
52 0.993651189574665 -0.000744128017515341 1.54171513972479 -0.01227218230999 -0.136843419897325 27.7008040432336 -3.05006474148335 -1.11870133672856 1.49364051486988 
53 0.977345614050932 -0.000517124022692677 1.53754966484843 0.0174653803043548 -0.206693824584468 29.0407860202129 -3.05433157933981 -0.895974114772746 1.64238128638104 
54 0.948293292202891 0.000901346150544497 1.54045422240786 0.0378248335419317 -0.109164750924059 26.7129659334721 -3.00734598857722 -1.08989655473325 1.59797828986047 
55 0.943988064372697 0.00259685154017205 1.5349278089589 0.0165061462719227 -0.140116304227835 27.535371806751 -3.05899067260057 -0.811919846547313 1.85397180361548 
56 1.02234062913453 0.0013663908312834 1.54051732443895 -0.0127253126607199 -0.118626526576618 26.9131006574593 -3.01712639994718 -0.769394922300359 1.71599884576298 
57 0.958435497604253 -0.000677483107956613 1.54037929742668 0.00577259524214711 -0.140058292591964 28.1291694609541 -2.95559981899286 -0.662683087788328 1.65302661213061 
58 1.03295656691669 -0.000712118271631578 1.53798215656399 -0.0152255754504381 -0.162104272655067 27.6624365830535 -3.03992521009991 -0.81483696357391 1.79801338836588 
59 1.01644930650429 -0.000929089820246699 1.54511017258532 -0.011323451800633 -0.179646804552088 28.5311788554083 -2.9989716846627 -0.882206106313688 1.67587014040565 
60 1.00766792256047 -0.00208726744987902 1.5389454236789 -0.00441668103378481 -0.176183828474428 27.9694666884011 -2.94992425960048 -0.932960547946449 1.65583836715863 
61 1.00365021302227 -0.00145969205968595 1.51882886468399 -0.0590971567265286 -0.17766430154882 27.7463314779365 -3.02125584312089 -1.16169101698165 1.54202740922737 
62 0.963117729379772 0.00104447630636893 1.52495897860034 -0.0182711868161602 -0.143977265642 27.2495595667258 -3.12192760339749 -0.907155589971883 1.71906256001925 
63 0.97530738073958 0.000325309596759843 1.5349525293076 -0.0130808107090746 -0.216704108875848 29.7148436805377 -3.00042877900981 -1.07690604725395 1.60318162255537 
64 1.00734089401298 -0.00133274830944096 1.53768549949701 -0.0283024142803669 -0.12549527407259 27.0508623096591 -2.96898767013214 -1.01595648495993 1.36428592133433 
65 0.99701079474599 -0.000606885418130951 1.54175562723835 -0.00386848836058111 -0.121315667872318 27.1119592838584 -3.01083895168672 -0.963408935106986 1.63133861075087 
66 1.00694999808359 -0.00123536294781969 1.54538475874956 0.00339223498790198 -0.157260532540043 28.1698529270424 -3.05630470693918 -0.840226977264365 1.76248696048875 
67 0.956593941804323 0.00186227607932537 1.5415257934126 0.0373557909814179 -0.160622910647467 27.3390096438854 -2.99475432839564 -0.791825460800104 1.70272280254303 
68 1.04610914043472 0.000687850048523333 1.55503346003904 0.0649175769782818 -0.198126732870667 28.9831404939316 -3.01950213526667 -1.23172276552735 1.54941233392147 
69 0.978730763728112 -0.000310584336672989 1.5342192729665 0.0264077233388162 -0.220428157799046 29.325971561787 -2.98513016384429 -0.872674930953162 1.59111722179465 
70 0.988506729465077 -0.000886875317693689 1.53218452330768 0.0183302957015621 -0.159017386040749 27.7589116347684 -3.01034477127693 -0.882489429745684 1.73728299881778 
71 0.999844321869191 -0.000839515309180808 1.53973151870034 -0.0177739616275299 -0.132206385014781 27.7872225440759 -3.07173507714617 -0.704486598439487 1.72106389542554 
72 0.988552036597298 0.00210596794490827 1.53693232605154 0.0217451321783818 -0.214372016999684 29.0203671325631 -3.0386349020053 -0.456828799405437 1.65557459814884 
73 0.965869201461054 -0.000364030562953207 1.54284226604295 -0.10243384704266 -0.236954748921699 29.6757699284114 -3.07859700861778 -0.891120724719257 1.67819900525431 
74 0.959753354124759 0.00532753963826669 1.54090466446046 0.00351437131697967 -0.180183810708151 27.8803163747738 -3.04665211102666 -0.714090898932006 1.52448640959797 
75 1.002471334798 -0.0028436091036954 1.53622833006055 0.0390706580574692 -0.150010763537284 28.4578457030134 -3.03861446284172 -1.14763653742126 1.73140870424504 
76 1.03664051637884 0.000360020348799702 1.54428852455996 0.0112713491919227 -0.192029891238856 28.495974922496 -3.02108930337131 -1.27763433979631 1.34733765182132 
77 1.00046842595823 -0.00305428309030915 1.53513398292367 0.0230078857943341 -0.147792189374196 27.9450308176472 -2.97642747900204 -1.02519812056001 1.52369082135911 
78 0.968910796112767 -0.00178452107786717 1.54215419139571 -0.0192107794275993 -0.19400108796522 28.5423645540383 -2.96324090602012 -0.957643883838568 1.57122488752425 
79 1.07466733467747 -0.00323532395216985 1.53221992454399 0.0648791327230364 -0.174780271921732 28.6157610948798 -2.94076832915576 -1.25918011003829 1.48338916229073 
80 0.99869273355741 -0.00054056527845239 1.54568617764968 0.0316005782767665 -0.155153712083643 27.2273577366588 -3.02353900253609 -1.04416154092234 1.47094929003829 
81 1.05237762651646 -0.00116354375467178 1.53507602363247 -0.0400211278139207 -0.170118160404694 28.3121031945584 -3.02178541454927 -0.670297391755379 1.65853772886195 
82 0.987635167352334 0.000917544923668615 1.552539637635 0.0289726605244028 -0.199281880433968 29.7521805573413 -3.04082924201021 -0.875601231416712 1.64297946201106 
83 1.00055111064831 -0.00152924826210241 1.54275513018217 0.0577299079905512 -0.182509959339901 28.6777478805547 -2.95704085821077 -0.917092725899194 1.62762744724237 
84 0.973931611225487 0.00194872508551028 1.54695637547124 0.0243657746497222 -0.131647197179559 27.1472976519533 -2.97621344972413 -0.893740548818407 1.51637636579619 
85 1.00614516615432 0.00207830905021468 1.53681697997705 0.0046864146464498 -0.190522864714824 28.9375732530899 -2.95807685660665 -0.768213757346533 1.6511835325903 
86 1.02774562878072 -0.00274246643516873 1.52730948854224 0.0187785221362542 -0.213744229392121 28.7017538426266 -3.05329454961575 -1.07987731015903 1.49591959571417 
87 0.980917045423342 -0.000806910642459866 1.54796877725706 -0.00686101795861848 -0.101226481130428 26.8233297452709 -3.03262058747635 -1.05010685023629 1.47635020715896 
88 1.00914860878364 -0.000905514307687287 1.5496838528986 0.0181787913386139 -0.178723894907508 28.0375904819234 -3.02204508171548 -1.08236851623211 1.48246305294525 
89 1.01247787150397 -0.000524990388414099 1.54101984750922 -0.0296427107188154 -0.13952459128722 26.8093988400939 -2.9771051958532 -1.26237046577059 1.45411786242487 
90 0.918789363768761 0.00187071980032451 1.53892510254674 -0.0309741733111085 -0.15457352183044 28.0197115347502 -2.97773057998704 -1.18942625527421 1.64073737059584 
91 1.00892507666703 0.00210309268181768 1.52428831208267 0.0206725128643793 -0.163426387203665 28.1051779858218 -2.97920937547243 -0.68092695791593 1.72204253433601 
92 1.02979756697631 0.0018663223463554 1.53367737635965 -0.0185710512186909 -0.169991400304557 28.1830103519977 -3.07169645694034 -1.15897159565291 1.54907674313886 
93 0.990569178813512 0.00148509815707605 1.54173409920744 -0.0200721821905314 -0.184657627136998 28.1050274179866 -3.01808864601837 -0.687837147117402 1.80541799240395 
94 0.981921926127644 0.00181826327073704 1.542198470373 0.0014331344680316 -0.183883211998912 29.1151887994705 -2.98036381725012 -1.27320348467971 1.31540976780864 
95 1.03735251978009 -0.00405071570602062 1.53905419036468 -0.0561137549653919 -0.171463259847845 28.2223301503011 -2.99839156571625 -1.02760490471082 1.52081522311127 
96 1.00361417925097 0.0018301638486234 1.54745297273774 0.0114119239744552 -0.175571060102964 28.4738059012209 -2.97946783133203 -0.739846920544758 1.62199190686924 
97 1.05993730703195 -0.00503753698049886 1.53812246612221 -0.0722891548188693 -0.141456703854824 27.3629405091503 -3.00335894139669 -0.89712091849827 1.61556347606745 
98 0.996864232351545 0.000881800316213797 1.53434378460002 0.0594998097014317 -0.217250299693158 29.3467967678224 -3.02086557551208 -0.823893081662547 1.58835677348866 
99 0.996473304491817 -0.000550750677954511 1.54484992518673 0.0154012085995833 -0.122014752784053 27.8487810713889 -2.95474469407132 -0.415016305236586 1.57126406378652 
