# A_lens r_tensor beta_d epsilon_ds alpha_d_bb amp_d_bb amp_d_beta gamma_d_beta beta_s alpha_s_bb amp_s_bb amp_s_beta gamma_s_beta 
0 0.9628164697308907 0.004163083664844402 1.5771199991145397 -0.016323768177698046 -0.9826527273054135 0.471723444069429 1.039040709752596 -2.7067482504714047 -3.033171270837303 -1.5536928845150528 0.05631685687143751 0.3688933712726318 -2.6175399123610124 
1 0.9610680946144905 0.007236593167846972 1.5784017957368173 -0.02305078778836248 -0.9821511183898611 0.4711644153590235 1.559817150903924 -2.344538522823717 -3.1037434510990654 -1.6760864329294727 0.051076754112257504 1.1777924660325347 -2.647636523847482 
2 0.9935138631380881 0.003405537409522763 1.5744542688463958 0.013560346647311169 -0.9698842392239256 0.4706100744672705 1.2892204533430107 -2.4780719083622498 -3.0675674608688053 -1.585710594831111 0.055139028169241655 2.0212806084408363 -2.7180225646120904 
3 1.0334439425168938 0.0011845887162798884 1.577192767250564 -0.0020119495745476923 -0.9732406786813792 0.4729712959268867 1.012168289820527 -2.3944517587325262 -3.0026761633981978 -1.83150973718463 0.048840591738339656 1.6992358183895182 -2.589498589060152 
4 0.9871517131899616 0.005045568285720624 1.5767816414774782 0.015506660001890656 -0.9977762645687283 0.46958129223408496 0.9285803350310545 -2.644761773219508 -3.031379617840524 -1.6015659659869863 0.05315866305991371 1.4737036618706438 -3.0674077635157357 
5 0.9651249675004911 0.005570318845933618 1.589247966334744 -0.013726365980778702 -0.9878721597322384 0.46973458432341647 1.1082149216124284 -2.5569157047311046 -3.095199366747482 -1.6893575893161628 0.050533747257721265 0.9673291645173006 -2.74306441673954 
6 0.9750923602930455 0.0014872753738240554 1.5708497177807428 -0.031025746059529256 -0.9880432110758626 0.4724344964146532 1.0685733825116208 -2.5847895746153755 -3.0582385376905337 -1.601451476182976 0.05445108372836645 1.2159173945219368 -2.5769494921718334 
7 0.9873786608412244 0.012429026401549637 1.5774915422324063 -0.03749230181558364 -0.9746936371865185 0.4711644625947695 0.7025177314051367 -2.5380063895062697 -3.070556905595266 -1.451469467227591 0.05658896822664637 1.858736119469774 -2.5328720350100125 
8 1.0079927396273518 -0.0024774587813547223 1.5787323365618446 -0.013348105106312298 -0.984223041339443 0.4714886155909488 1.0278492894216582 -2.737212148013885 -3.0168446084692087 -1.5768545801051819 0.055526490810442065 1.3804359047597792 -2.984020555142665 
9 0.9832141066250172 -0.0010905710810302682 1.5753494290589998 -0.01005265989048307 -0.9795852476074156 0.47109577480009523 0.6866732481814102 -2.9152098471459476 -3.0427255288353026 -1.7302197285682623 0.04902436825707764 0.4621486135138079 -2.498123056216377 
10 1.0423291785124311 -0.0021080621198140935 1.5770632388745063 -0.01382591427499276 -0.9672307819731126 0.4707866999524725 1.2105495140754623 -2.3994449752378757 -3.1113638636394993 -1.5104987579940814 0.05589795612712196 1.27541271296265 -2.741074567917223 
11 1.0026696674440596 0.0019464209661427614 1.5880965377768894 -0.02530640561961657 -0.9837566172930426 0.4711413764169824 1.1375143237644667 -2.466106575872157 -3.027575025670485 -1.7366465214232716 0.051524469523261424 0.7795067809116663 -3.1074241492594554 
12 1.0035119676825381 0.0015705233239850722 1.5850921933300466 -0.04319423366183502 -0.9883900758601708 0.47114542109923263 1.4130262239500115 -2.485658996216661 -3.0886738968557252 -1.6164906613793995 0.055623123049315756 0.8007561974200395 -2.743649771836817 
13 1.0077295232611154 0.0024903008007246077 1.5805685420529774 -0.018340590591937114 -0.9853311704483421 0.47030011957805345 0.9527965281142009 -2.6352148519871967 -3.003785845971638 -1.710051953702471 0.05118544176379911 1.1494134536745162 -3.236813614602556 
14 1.0397242838034917 -0.0010122144409466058 1.580378928652711 -0.027963313362775837 -0.9805466308613745 0.4691211998899445 1.2016811816261332 -2.596998288500505 -3.071156453734279 -1.4430032876282102 0.06023242517432998 1.3834776020501618 -2.5787718053086945 
15 0.9902570072850202 0.004736381159333013 1.5880445196412394 -0.021037285967056514 -0.9960392431527864 0.46819096020625744 0.7195318642090183 -2.858679318301488 -3.0572579767547405 -1.607164586479407 0.052912511496117004 1.037563871534834 -2.6748372312618325 
16 1.0211913023561416 0.0033134837307922144 1.573451345111119 -0.0015884239869007714 -0.9747398995170146 0.4708347247955314 0.9273663735630687 -2.517768827662547 -3.0426548055607743 -1.5918627453547591 0.05487193892970814 1.0820461909928274 -3.256751653695597 
17 0.9542900890786796 0.00812600512297054 1.590126811294482 -0.023190139992136073 -0.9591678238855936 0.46794504702750456 1.1092155759675733 -2.646802501707895 -3.0239325211976826 -1.5457895936122477 0.056932433104133484 0.8051278400274569 -2.5828074341693394 
18 0.9979084973432377 5.965608189823975e-05 1.5777824125865412 -0.057625432389470765 -0.9763138318583018 0.47222283261801284 0.4638675298451189 -3.074765581185822 -3.0769219030776327 -1.6324931201375834 0.05397366991416747 1.9178123372845934 -2.824618426190235 
19 1.0620209949428543 -0.005802023764379878 1.5689995134708588 0.008556005434683432 -0.9869908674554587 0.4695985836531988 1.1219727867098224 -2.6632565239103894 -3.0390046437368077 -1.6369193797899653 0.053934895024866814 2.9715138728112542 -2.6139642082475354 
20 0.98864792314229 0.0032271385877878102 1.5821437587113625 -0.022078485631499358 -0.9966521611849967 0.47309991159736203 0.7197419273923683 -2.811887185959474 -2.9870145348832065 -1.7439384658113213 0.05179499836346848 1.5358589757154684 -2.9612713034251343 
21 1.0442466007335747 0.0021021902152524993 1.5856182743554916 -0.014914461340644312 -0.9826230410644721 0.46637183874253707 0.4035975800555283 -3.1151807817766954 -3.07490152908624 -1.674295308772893 0.0505299970546899 0.9981137890218612 -2.5820240485327197 
22 0.9734920579118855 0.005352650945539701 1.5684407345329756 -0.007959315097494396 -0.9900466597756142 0.47307919884163163 1.4203244641061599 -2.2107823869880767 -2.999816057519835 -1.6071716582798385 0.056024978192201806 1.0383710362774519 -2.8211543235107506 
23 1.0513926577879014 -0.0003680436472613707 1.5812291998090258 -0.015923409634888835 -0.9838893566256244 0.46913063336619987 1.5490201725595891 -2.4294228118204844 -3.0359997577034443 -1.6730240738023947 0.05175296059255313 0.800806946404774 -2.7443970109431355 
24 1.0125674168751686 0.004166037717919315 1.5834158014058812 0.008750252424609419 -0.9587468688084918 0.46633338365008753 0.6444754575319427 -2.8185813481274935 -3.032716094219704 -1.6340995782838355 0.05397228862069039 3.0254782954926123 -2.645271050653097 
25 1.028012264367259 0.0014002872370942746 1.5785369248799237 -0.02876665408061081 -0.9815440276697721 0.4759169524077623 0.860827702298094 -2.8399445637874177 -3.0769997330398424 -1.6158347131456743 0.05468008101087952 1.0141248385780104 -2.5972644357764434 
26 1.0008668694499683 0.009466033974254455 1.5965806298230265 -0.02880421674961136 -0.9993862247867175 0.4691455184609332 0.6790074761628552 -2.7610845057716356 -3.016472040672371 -1.5279387444410852 0.05836389456363457 1.2510843967652296 -2.8198189594255414 
27 1.0086287231191178 0.0029193218550149723 1.5843141520883162 -0.0075122586265692366 -0.9817922715253067 0.46425798280303354 1.1237474532785088 -2.2889915351365238 -3.0640750451026912 -1.537449198602435 0.0567732026503539 1.15702105803573 -2.5914089654600767 
28 1.0007548663767831 0.0036755070455922953 1.5766050385665737 -0.006046301852198964 -0.9789562857224272 0.4680312340481729 1.291876257383125 -2.335074160451197 -3.023119279890031 -1.6448853208859961 0.05134645971333827 1.5008440079874756 -2.469717073899854 
29 1.0188601007599973 -0.0003121577209398739 1.5855892334527946 -0.05749204370594355 -0.9831209925506448 0.47134416135760837 1.6529283661666525 -2.344916805061638 -3.0740866449664366 -1.4289507764349367 0.05458280766160262 1.8666153309204088 -3.2462674324817775 
30 1.0172945150235477 -0.0028455216138883795 1.5699568099744559 -0.012949782883504068 -0.9884625155061351 0.47559712024791656 1.3223821163167426 -2.5244619904590433 -3.0736688247847654 -1.7816686109005584 0.04917951103744124 1.7746253967920955 -2.518612896891565 
31 1.0526227720378436 -0.006497892417631282 1.5608925891980927 -0.022414023455728873 -1.0088628094158907 0.4762005663257435 0.986141066852123 -2.631742011791484 -3.046186761814198 -1.6287436270978692 0.05291454969878755 2.042542711331857 -2.8120276369758916 
32 0.99250939963469 0.0035089198334489723 1.5737258145473436 -0.026522907144892593 -0.9944664173438221 0.47302820524897143 1.1306671498593406 -2.3641879465245754 -3.0945311158855873 -1.56095699690031 0.05493245631858331 0.6053352034319374 -2.521345114462196 
33 0.9551578385359036 0.006633215837460093 1.5771828769191565 0.0125546676473492 -0.9848604562553097 0.4698992268729742 1.1236782789599287 -2.2849768956984753 -3.0821285151209694 -1.7415378739602851 0.048555911815081655 1.4763831976380464 -2.4889601562241106 
34 1.0041634919687328 0.004605235267202351 1.5784945667580528 -6.298199494374878e-05 -0.9942809441083847 0.4781758034363115 0.7510664485799076 -2.650479406514508 -3.014569607511092 -1.5476513836511916 0.05678979650975139 1.053865273602476 -2.53086965775656 
35 0.9912185047203914 0.007134619689544865 1.5801078887547584 -0.0011464101661487962 -0.9774309540805086 0.47231557126564283 1.043646945808314 -2.5272205791541595 -3.029225829215634 -1.5972500159460274 0.05474249644176643 2.705758923932802 -2.5221850610428476 
36 0.9636049306509294 0.0024523286128090424 1.5802752988845228 -0.020139531622546843 -0.9875520911653277 0.4747655252443577 1.1894406537283848 -2.545508520328548 -3.03311035495042 -1.633356755669085 0.05364305898396643 1.4985814574508636 -2.8443642493705354 
37 1.007234853118691 0.003811551858350643 1.5761498880159368 -0.0037695363788798767 -0.9963183327838665 0.47088265369162463 0.6836162159803835 -2.7544676205121528 -3.00897031958565 -1.622887686335461 0.05636807306193586 0.974853980860575 -2.7412987246990217 
38 1.030952491482721 0.004660048993158875 1.5802148359531343 -0.012302706882988679 -0.9964872521141565 0.4662964451741954 0.8553145204772976 -2.5747470468245552 -3.08860373278322 -1.604924275080578 0.050596148940927836 0.9970631989370224 -3.1943626739209257 
39 1.0145623980564005 0.00601062524592866 1.5726829686911372 -0.021859428172494966 -0.9717825616075404 0.47098891586296027 1.1857795700060498 -2.443951392273752 -3.0416059242380586 -1.5043218860524266 0.05598974674382806 1.108621404924002 -2.670580989228473 
40 0.9870179291094351 0.005699284623862278 1.5837368000723266 -0.010125103580875603 -0.9810167012749383 0.46996749814473254 0.6075853515606339 -2.800100225360184 -3.004975826225224 -1.6163460858521406 0.05657655722030045 1.496785839302435 -2.512640394358311 
41 0.9911379070435007 0.000861843307044498 1.5809385787040735 0.004192756905672762 -0.9989419144386318 0.47053278450784025 1.6958854834699437 -2.314804751501494 -2.9701650653361376 -1.5008648186245845 0.06058613270828426 1.979211123632528 -2.853792491910827 
42 0.9864816833323724 0.005138522222881598 1.5710478084370834 0.021849158757112224 -1.0005490661567242 0.47345780654054254 0.7613701255104615 -2.722564884841574 -3.0819319665472293 -1.5704445767285957 0.05599854333721743 0.6205649579880873 -2.5993291845381763 
43 0.9585445780380316 0.005259370733530179 1.5655826077251551 0.0004107886212450439 -0.9830674136238844 0.46910502167125917 1.242669483070043 -2.3231282528223076 -3.0152239881381626 -1.7079663153935 0.05390428108896298 1.122283797678111 -2.8249210543645504 
44 0.9999907229510415 0.00534145458480453 1.5862555527530926 -0.004942533661456149 -0.9920569002241995 0.4708697654021058 1.1215396095115935 -2.6557293232527703 -3.0222750765568 -1.5993176626452041 0.05471535193107803 0.44884128551234925 -2.597239765890065 
45 0.9967526933708295 -0.0003857551975725197 1.586997267125977 -0.0023617206266462326 -0.9970983691151992 0.47243797387241077 0.41964947681632264 -3.040709711895 -3.089920199892405 -1.7669263889101492 0.04620703225542164 1.0248060887508348 -3.3651378965408756 
46 0.9911743440856221 5.984928575139544e-06 1.5673196282192194 0.0029365527371473274 -0.9824661676452532 0.4775451260416032 1.2088192430544238 -2.6524161517621176 -3.070256162701726 -1.7018459309958607 0.051305540221613676 0.9671010418790317 -2.851066141427758 
47 0.9759219093008669 0.007582556684019137 1.573963766457075 -0.035931436759844504 -0.9562621063807144 0.46794269499639224 1.0561457753017927 -2.571320918979631 -3.1209713541586224 -1.6398995630363515 0.05370171851657635 -0.09892792114906002 -2.6840672751868615 
48 1.0003886396456052 0.0014907279733982687 1.5687598594633447 -0.0026555986114562783 -0.9606774298895392 0.47378499689171993 1.6227373865645034 -2.2586493816989437 -3.071998992778136 -1.7802760600160077 0.049321186964506776 0.6558882082016741 -2.595571386458121 
49 0.9244851122165315 0.004653234282916169 1.5775329429717087 -0.01219059534469689 -0.981033199953232 0.4665324235808012 1.3950471877352477 -2.3632878483970003 -3.0875303079850633 -1.6102554681348509 0.05157295644466434 1.7295111916706365 -2.888197094547703 
50 1.0001869114202495 0.004685993290995809 1.5794014697838645 -0.006466051633138235 -0.9767959925333451 0.4641537027963466 1.0995815621041733 -2.467087539679942 -3.0849578269776177 -1.7485391229333591 0.05063757269558463 1.2297687790522498 -2.4625064176284184 
51 0.998948436609239 0.0008420791514251079 1.5902402320715792 -0.00578101217488219 -0.9715079304201272 0.4699061781887808 0.930115098564453 -2.7659474125936026 -3.011869293045153 -1.6762139095010202 0.052203738717535496 1.5199451357430718 -3.1286104572751796 
52 0.9895697130473655 0.006590867391919515 1.5717525417025742 0.003436286724687366 -0.9772878149334695 0.4633338682661892 0.873770914605018 -2.341083362287121 -3.0973892113141495 -1.659846124929592 0.05185755726928182 0.5250421783189265 -2.584359601824618 
53 0.981241232014924 0.0019103212508302509 1.5768753505014215 -0.013822568795837008 -0.9857214291274083 0.47463353891994836 0.8754628247018318 -2.7575510927085793 -3.0483886895800016 -1.5492528135051238 0.055325527576177716 1.560143341212004 -2.903213614514862 
54 0.9338174096752244 0.010103742716957293 1.5813077982225097 -0.004067844887734225 -0.9713617166969353 0.4674695026877377 0.9911031523620941 -2.470114258628727 -3.0806295603875404 -1.5687300303386054 0.055549324426318325 0.6165194760026742 -2.6501893255409685 
55 0.9450452096576085 0.003409308440044825 1.5732591987833842 -0.024895504675299607 -0.9750346762603812 0.4660265485898551 0.9227030511934884 -2.7484648711101944 -3.0615178986117444 -1.6728601767312028 0.05231492396646408 1.0015000469982962 -2.568628337037232 
56 1.0032284803063203 0.004509021518909869 1.576990628328734 -0.0009587792583265446 -0.966538023169769 0.47662921184149826 1.3601401025414255 -2.3586146419886207 -3.0652294078097504 -1.594366532484689 0.055175291737129185 1.311999960456034 -2.8332520628231492 
57 0.958051755312026 0.0037233227187493715 1.5708111401684108 -0.02574929466548138 -0.9813657271549737 0.4726163334900297 0.9357275892972541 -2.670151737232223 -3.0143475847319556 -1.6196876914840415 0.05725691824293889 0.629822184058619 -2.5768062151574322 
58 1.0417743288861891 -0.005542330744145113 1.5786219386038551 -0.0026560483836825665 -0.9784765964494931 0.4680542455185326 0.9763663881224138 -2.79369485029975 -2.998673945201352 -1.6638820195268065 0.054956622400074054 2.5233288548477724 -2.5175325174410252 
59 1.0183861946838912 0.001798896287045913 1.5686622272745805 -0.011963687964851756 -0.9939079160663048 0.47820611041358496 0.8911828438108876 -2.684910811468288 -3.060817780981028 -1.6254821860940718 0.05381055726906425 1.3602616966572632 -2.642680090281863 
60 1.0128145821020131 0.00036698960329498517 1.5851398246486008 -0.026326929313770783 -0.9853368326873152 0.4689493004984435 0.9368404399283033 -2.6833265964669297 -2.9902808062730895 -1.6654079988328168 0.05484128917439849 2.0883017371368653 -2.541489563977998 
61 0.9753570903547365 0.0033772924259323264 1.5780522762954305 0.006195646783098742 -0.9813651543899654 0.4687879238403623 1.7439966280642134 -2.166296777426021 -3.057878213194266 -1.5308627496966274 0.05633628992263229 0.3263641967198223 -2.555753001408858 
62 0.9630304919581926 0.002201908216512032 1.5874929085121359 -0.043571698053012684 -0.9833054237433929 0.47318163955001696 0.9004724696333036 -2.7894116386545034 -3.0864462893601896 -1.6034496133242342 0.05351676284756452 2.289950999689335 -2.613729123038758 
63 0.9777006179333118 0.004588599784694207 1.5780149051063066 -0.027471069819840283 -0.9644720700354293 0.4658797183948285 1.531766712349859 -2.218887488814915 -3.062402475347104 -1.5887412094262114 0.056245638421567414 1.2096779356477303 -2.815131574977979 
64 1.0023599962037655 0.002748433293779994 1.5799863781471792 -0.024002406605004092 -0.9920635207223922 0.47171725567965783 1.3288935118463534 -2.3842566424437823 -3.057127297539622 -1.679633580879879 0.05336900130511027 1.616965093514112 -2.6722024947473297 
65 1.0060589569792746 -0.0006224657988287774 1.5799958322744612 -0.03849682003212418 -0.9687544808713616 0.4743372887820949 0.7820803095479714 -2.7689127972752634 -3.021107289860467 -1.65990606294388 0.054920380498456545 1.818211920105796 -2.855454725715834 
66 1.0205127888406804 -0.0009821181161911358 1.5838980386737218 -0.001722112491400469 -0.993610346223276 0.4696612312639172 0.8226876515032349 -2.8520444551886546 -3.0310754008630765 -1.621982002205802 0.05538797313940538 0.6278539997241932 -2.598573901022401 
67 0.9664634305083081 0.00483239187812401 1.5893194356548197 -0.009404565762449182 -0.9828914544232941 0.4650055415482 0.8752766650398125 -2.685465393350014 -3.0437486612668416 -1.5575798254881361 0.058018452721262416 0.7958782906501481 -2.5905743818264066 
68 1.0488212520079316 0.004162116296301586 1.5784069894504233 -0.038442619457381776 -0.9759380796593206 0.4729693603401908 0.9233842483754461 -2.708478598691449 -3.061988023061352 -1.6377940278787229 0.0525409170993408 1.0984297166148693 -2.8405257922321527 
69 1.0033081272437447 0.0016689777954823235 1.5791872097252528 -0.0015776321992629302 -0.9816669309898953 0.47022511586808446 0.47096406796157153 -2.9980740335488605 -3.037129272257133 -1.6516738232953676 0.05280330680900722 2.2125112441807637 -2.692256942951623 
70 0.992001511336848 0.005092013454759051 1.5760267416785334 -0.02847277786399742 -0.9772587199997171 0.4724849094493554 0.6659456137604591 -2.798581794056518 -3.0853810244680857 -1.726803706574825 0.053240235921511975 -0.14115585085793395 -2.624778270276318 
71 1.0113478058187235 0.0022123553207061782 1.5691562506845795 -0.03548410873879148 -0.9922965868023238 0.47198121161742046 0.6624220282195186 -2.8392654764397918 -3.076103652019355 -1.6305348523859262 0.05327293307140324 1.417097905439464 -2.8171371945483052 
72 0.9890299330341648 0.005367014508127628 1.5799183793221392 -0.03734226820769003 -0.9864866942548396 0.4742955137263006 1.0127559091067821 -2.6643453296801747 -3.034042964075114 -1.4309888656727496 0.059040801611164415 1.9203937293026365 -2.7529184518720404 
73 0.9704339765139739 -0.0018580607849746902 1.579562408504535 -0.012561424229131755 -0.9986507814722367 0.47205024824933545 0.4718388693138354 -3.089151854597071 -3.0420568759214164 -1.712873555919164 0.05185813033636293 1.2746278506270703 -3.0962285469359743 
74 0.9707924745159119 0.0051792431423618385 1.5851180398648983 -0.020039293456147272 -0.987427241989887 0.4748360142333155 1.3402147089369247 -2.4390516136523774 -2.9922837262504935 -1.54240051742389 0.05634616421244807 1.3118627119779465 -2.8770002379090633 
75 1.0023038019750943 -0.001482458052866614 1.5747206806049678 -0.02169369606858594 -0.998729550027448 0.4790690291047852 1.1367861600730986 -2.5867709830494223 -3.014139394333893 -1.663797927902299 0.05388386770207637 0.9371057400787702 -2.6385006823638943 
76 1.0493939398843464 -0.00018744110994404673 1.5836200586683447 -0.02370677659263381 -0.989176012348848 0.4705584502757964 0.5750865690454336 -3.0461172512338672 -3.1017435764365566 -1.7099794842680378 0.048309807963304294 1.3398305217573037 -2.89606705252694 
77 0.9903377989024219 0.0029180333029999615 1.5781088336390368 0.0029753575316059724 -1.0073905903961613 0.47223595642788274 0.6775104114962909 -2.8145991455928234 -3.0674472896835874 -1.6808210996106365 0.050028456819077353 0.7351197817353747 -2.593752447767544 
78 0.9802303092656718 0.002392569678116696 1.585912445353852 -0.02127365112397354 -0.9882474200457575 0.46855144271462273 1.1657669673248707 -2.5486502067421015 -3.0668188478331877 -1.7808978400905087 0.048372433799129665 0.6831318167866929 -2.655855580931878 
79 1.0679278331573643 -0.0030329624038679445 1.5759326139744267 -0.04247908490039718 -0.9658973433155987 0.47193314889987503 1.1875103904075708 -2.4923028640849942 -2.9843274689029555 -1.4600325581216798 0.06132591776301042 2.0888257725246784 -2.7696156012760818 
80 1.0046704261131165 -0.0072603099981456976 1.5800479329518082 -0.019604862354341352 -0.9928169657580369 0.4749280141235189 1.7967910961546298 -2.4402012458018296 -2.9531248930523137 -1.7232331917263544 0.055232893278175085 1.3926340987181909 -3.0324846052347123 
81 1.0459128283874453 0.000511872292429043 1.5668849909048803 -0.01519812200614597 -0.9790350967356712 0.4697224576916704 1.2565674886851612 -2.4721197961746952 -3.0134450243188393 -1.5987397793141658 0.055622046666588675 1.898163187337945 -2.8670158971508397 
82 0.9964937437737912 0.006469161831360785 1.576590595977695 -0.020269729294365785 -0.975617416502683 0.473596150276533 1.1644921295701816 -2.264325375493276 -3.0127723294034436 -1.58429473172887 0.05675038468960687 1.1608634162309488 -2.6316860969210354 
83 1.00476653841535 -0.0007140095702175374 1.5732511214653495 -0.01728394637499465 -1.0002861591869467 0.4725111914232955 0.9091377321953195 -2.7226871704028865 -3.05532920642059 -1.5581820504233168 0.056254562102857765 1.481988466889255 -2.726369839057769 
84 0.9594739642012424 0.0073751516259876245 1.5787894758428767 -0.007075222207830646 -0.9781390921320192 0.47410187549536154 0.980329813109255 -2.6211002034130795 -3.0833141044223704 -1.6457744940274779 0.0508379829600894 1.396595597322844 -2.596425159173321 
85 1.0200278927147528 0.003038543036453664 1.5808375109006718 -0.04313053092735173 -0.9773056232398742 0.4689441223453283 1.0909971850329845 -2.6707292342872884 -3.007083671448227 -1.6358196498046702 0.05606788170502569 1.070152370708018 -2.8188065598449312 
86 1.0195951299715267 0.0010367366834979294 1.5794818199383682 -0.008289362855083733 -0.9992192810752863 0.4748300812805895 1.0649051098113564 -2.6569049177582005 -3.0939398344913305 -1.735512930665055 0.04827494338182334 0.5958783715911903 -2.6976853110303027 
87 0.9889442341588476 0.0010137648204897219 1.5805420109887793 0.011122009611098526 -1.0088904688472473 0.4716884168341348 1.120523514172436 -2.625628804855768 -3.024551699565491 -1.752332837606958 0.05259792497929159 0.40341679654505613 -2.593394280095373 
88 0.9968992272639383 0.0009554002945693935 1.5733879465826377 -0.024366380578073287 -0.9788724508351017 0.47760135812269644 1.5355950985333997 -2.367363943642635 -3.044153016656158 -1.6885868272742912 0.050987238490162366 0.8848037070441377 -3.275017242695899 
89 1.0221652154810426 0.0018136058401973527 1.5774172749802062 -0.028645471764269376 -0.9831878743322698 0.46748925645251427 0.4364246073057989 -3.0322916389801753 -3.0667856876288813 -1.7509521293254129 0.05112170600632179 0.4345747479197771 -2.55849348098684 
90 0.9218903940775318 0.002872356994817655 1.5775134121830265 -0.006607779663386003 -0.9917621830321693 0.469446958734502 0.7327893540967464 -2.853534975689438 -3.074879064612173 -1.6806240470843967 0.05087826963745294 1.1383085096977457 -2.684666384948689 
91 1.020721502223252 0.004246355992340671 1.5935466063792443 0.023796370257028673 -0.9784392768278188 0.46730765016842596 1.1290341549443035 -2.547853162373944 -3.0454387366399693 -1.7003755553791418 0.05344882246269798 0.9366261845507604 -2.5462858372819586 
92 1.0205551894421967 0.0006959114716252745 1.5694624010206482 -0.01757827482090922 -0.9682953077837627 0.47273451293248075 1.3950175866666392 -2.4576284615573623 -3.1168196495766196 -1.718016451113731 0.04915803895025686 1.4620375558732206 -3.0194229834962214 
93 1.0092864889783177 -0.0007282805585790107 1.5853293440332008 -0.024333172636665512 -0.9975918345616079 0.4719347128999293 0.8697646889246343 -2.6955911893404862 -2.998604744606947 -1.6808558228382608 0.055376217022176155 1.840859492425392 -2.9584514267928745 
94 0.9737982280136034 0.009094490805036638 1.5761772964625513 -0.025342536430745986 -0.9869664574725725 0.4704310792640327 1.0719612268349086 -2.3668067779627293 -3.094684670118194 -1.8403994077193015 0.047231030755644256 0.5205460976069808 -2.5549328009293975 
95 1.0265238387701763 -0.0005729492972439138 1.5675913060253757 -0.019576636394311297 -0.9733674140288177 0.4672882585889198 1.5262098023448236 -2.373653182535975 -3.030344584309712 -1.7726407325918885 0.050827098289297566 0.7018692659460776 -2.640432944987901 
96 1.0141799465913452 0.00213561160294207 1.5829037749226762 -0.04682996721444148 -0.9969115985549948 0.468697640726559 1.234973700287593 -2.531399585768493 -3.0314631584652654 -1.5053869195521086 0.05457774941606334 0.8308248062221969 -2.677013695214999 
97 1.053511141030009 0.004042547751321653 1.572429202393412 -0.02107773625597822 -0.984702481511571 0.4659153010482946 0.8872815436033741 -2.3553692194096403 -3.0940448654403436 -1.6827707939937482 0.052915770666017846 0.68852827818369 -2.5268079020387635 
98 1.012191313545601 0.001311414127283509 1.5616345739518849 -0.011670718160379498 -0.9899069808191283 0.47838786274111456 0.6173457635185159 -2.948506148500506 -3.033192001909589 -1.5581454473271532 0.055675965930654665 1.0922169389465661 -2.8010036631669806 
99 1.0094247003644012 -0.0023225815001048453 1.5703452640379998 -0.005727416235353337 -0.9837351694019232 0.47026476297868447 0.7841120751567412 -2.876331523990112 -2.9994863274379804 -1.4174336764307869 0.058161635383580476 2.206330046335477 -2.845560429206022 
