# A_lens r_tensor beta_d epsilon_ds alpha_d_bb amp_d_bb amp_d_beta gamma_d_beta beta_s alpha_s_bb amp_s_bb amp_s_beta gamma_s_beta 
0 0.9607380352504865 0.00410422734572886 1.562204930041989 0.005552834162901682 -0.19504321719122375 0.5223814646544005 0.6762477006994546 -2.4695536345049556 -2.9538384254325663 -1.4604480033823422 0.049654594542657596 2.5787096295641745 -1.9355430496554578 
1 0.9569558835582905 0.006207877587811137 1.5635612475664231 -0.005374186376834979 -0.1992209457641188 0.52496131027072 0.5337015060872443 -2.4941093173430855 -2.9524460730722644 -1.3716358751444595 0.05177251329844335 3.2734886295988472 -1.9350140495555013 
2 1.0001136717511365 0.0007775538166990229 1.573138742681936 0.0074794147063017066 -0.1987063852508788 0.5214135262099774 0.5756694988852576 -2.4816442188792287 -2.95276874468728 -1.3841902629701763 0.05280954974550873 5.297512154336663 -1.8053189818671713 
3 1.027784940382499 -0.003298724658608468 1.5688980245884934 0.029871529016388402 -0.18404197613901785 0.5161033808913796 0.1671047465265861 -2.442437651867653 -2.9957157181017013 -1.6116378688098387 0.04640318140522865 5.524364298074005 -1.9179299207947618 
4 0.9783434435368905 0.003792155311350489 1.5655933382932377 0.03007374814533159 -0.19716485459175886 0.518904703451882 0.22076860210920465 -2.4629788575391203 -2.994344954497983 -1.4497985020774171 0.048457962719481065 4.050555890926968 -2.484003099111504 
5 0.9602153005731979 0.002906306123083021 1.5620485535939408 -0.007589612493031705 -0.20142831379039253 0.5245408010889318 0.34475670348997794 -2.419973476047452 -2.997896340556935 -1.4126804187388706 0.04868997214118599 4.106347502800584 -1.9570405211440527 
6 0.9606132103236938 0.0003397249717143289 1.5467033589474661 -0.0242064804086708 -0.19512046077390408 0.5264970215550993 0.27188617776367263 -2.5094812479572344 -2.9150869241977024 -1.335094260661964 0.05406297638332376 3.3118143133279108 -2.510917758725346 
7 0.9887923911335665 0.002599677914702578 1.5606407315296384 0.004113760868571852 -0.19800527445488084 0.5223389228050992 0.24413792805495665 -2.480910003593426 -3.006365167136833 -1.4284265920902528 0.050490723521064124 4.5019297205604065 -1.6553575591085206 
8 0.9943452000949574 -0.0009684312245975671 1.5662921158502385 0.02233048740247105 -0.18484564171337584 0.5228372448174181 0.6776751583091526 -2.457685667152577 -2.9606449839462097 -1.406099904596936 0.050857948644624854 5.055184707291117 -2.1389347233306935 
9 0.962134901404768 0.0006647675953433292 1.5615997734696536 0.019603067509386677 -0.20369479156160997 0.5268812545658659 0.33486727588375714 -2.5340832976550085 -2.982974615964548 -1.4234743795224425 0.049762742691174276 4.775302242097396 -1.7748093141415942 
10 1.0234090770105428 -0.000884155036434391 1.5737216451272045 0.0017658144387579582 -0.19832254310998992 0.5201604681837032 0.4017213927218901 -2.4245289572857134 -3.0454521374783123 -1.212935661045959 0.05556545049183902 3.5224650689589185 -1.771340287109736 
11 0.9911602425062616 0.0003570761274788515 1.571133546511783 -0.0012050803266818837 -0.18973453607950913 0.5226233812008334 0.3033164810767478 -2.4355896827428687 -2.9342923608678295 -1.3848106195157577 0.05347142192353108 2.8338799489991566 -1.9579162995884511 
12 0.9924047432406086 0.0025999237262011466 1.566656635641094 -0.00023271011333834748 -0.20006244052900427 0.5227174961870374 0.2051318680996179 -2.473243114352356 -2.9189499304548394 -1.4307299400559823 0.05113272251508271 3.224424708391062 -1.9190168445284173 
13 0.9997226138771722 0.00014907329908651887 1.558834500799273 -0.01080318120422464 -0.19839506826198722 0.5236745150527342 0.12391217174534395 -2.517108372167251 -2.9125890207299823 -1.489975069239474 0.048318967333848696 3.206921799752774 -2.0884257727733786 
14 1.0253395496811353 0.00013630800772752708 1.5638360228379298 -0.01930795793719335 -0.1767626743686782 0.515324867617562 0.7382096904284655 -2.474672636439035 -3.0435114954434095 -1.2234323715642335 0.05532372148466872 3.260233505781346 -1.5944818886533632 
15 0.985612274334358 0.0036308152248826146 1.5671150799956177 -0.0026691870711438516 -0.18907272864582525 0.5210151033122142 0.14796209609414682 -2.436377925975338 -2.941051813576515 -1.5375900297651872 0.05029245883924053 2.0786513688779564 -1.8652938795291392 
16 1.0186807292420723 -0.0007414486943021035 1.5613017858172846 0.007044335392756206 -0.18723259457709102 0.522771611338894 0.2678133269061314 -2.4726021443820323 -2.8910128825246746 -1.4471743798788854 0.05141561246615246 4.481436251178692 -2.226075074201044 
17 0.9630574112386859 0.006808585013000256 1.5609021022128704 0.00788069459533201 -0.1937755381506906 0.5233758805932378 0.3711488922788362 -2.4457292491227816 -2.918790546888842 -1.3877539823622704 0.05239090694704044 3.1818723188095834 -1.7196358042210265 
18 0.97682857854172 0.0013842810093493809 1.5624487139849053 -0.017017844348189433 -0.1960904291692226 0.521491928665488 0.3003103664908186 -2.509285635470048 -3.0311235047083693 -1.5102665269213449 0.04640406274740714 4.451298389921971 -2.05824097868835 
19 1.0560190202632405 -0.00508790004892654 1.5574086807976817 0.010342773353059297 -0.19750446300097463 0.5197521726047494 0.3254394275067427 -2.4539414962680746 -2.9256241960891636 -1.4548385319944377 0.052649806816457936 4.452484324292914 -2.1012138350770457 
20 0.9791229340203709 0.00047764316658068266 1.5780561213684186 0.030512988995875467 -0.20927079634534113 0.5257260607791171 0.35987059907669905 -2.4335008431721077 -2.9024241441424974 -1.618475877284701 0.0479946419591679 4.936915523590229 -2.0450736193739862 
21 1.0147071488241974 0.0030647832964141295 1.5694387812766648 -0.00021802823405525897 -0.18643512267641024 0.5179725351849661 0.3056760101346246 -2.4665858283664956 -3.0224370344208693 -1.380909037310212 0.0503011274126799 3.3911981197698204 -2.038605522513843 
22 0.9827633211807761 0.00357291151522681 1.565121234293043 0.004286208578848596 -0.19156586291140199 0.5198317062924449 0.45269240225034174 -2.518193865524967 -2.9674550294777062 -1.3269384859054865 0.05249131922366934 2.4996190030245127 -1.8649535008279785 
23 1.0523868082209746 0.00042023446390099473 1.5688357914845275 -0.0021038682197883117 -0.18815603182844437 0.5194911314506859 0.3214256568092479 -2.461627630341448 -2.9570835637100643 -1.563088800338811 0.04781656620966315 2.3232175611663752 -2.085649675095725 
24 1.0024315149653862 0.0005234523810640325 1.5681312170710138 0.027546502336067424 -0.1789066369499667 0.5180965288770335 0.4367453189193305 -2.553471247766972 -2.9373406065052716 -1.559950668204418 0.048935592645254905 6.007882180505826 -1.7746728970081949 
25 1.0095392743769485 0.0021534511962231213 1.5640870353468104 0.01099578459748457 -0.20432840441264719 0.5288144149612488 0.38246785529272004 -2.4811102979348716 -3.0654414652277073 -1.28514900352097 0.05036975528097418 3.736424894829477 -1.9252780193338719 
26 0.9983022287886412 0.003620620342809562 1.5701132493711076 -0.006540693855109356 -0.19484923500576892 0.5211058105871745 0.2001545878714268 -2.476856993866991 -2.942382434801072 -1.2484535299359933 0.05713549241814082 2.980715994076616 -1.7908770147231767 
27 1.0076840321777412 -0.0024122505907443986 1.5652832641755965 0.018629361342822774 -0.19398583478228998 0.5200919111188951 0.23327224896082724 -2.4489463292503046 -2.9344674805536544 -1.5127939508784365 0.04977289889184945 4.369182214795309 -1.9994244533252037 
28 1.0047409266489824 -0.0005654353169889309 1.5643089044067513 0.005305367189909639 -0.19434151814779063 0.5215678575517441 0.2366637695786463 -2.468114056830497 -2.986500518670597 -1.4527512115040409 0.04938799515673521 5.842640868166667 -1.776787634169971 
29 1.019752886038842 0.00028834035563095626 1.564182194755755 -0.016646523226978176 -0.19622152071374394 0.52171189482336 0.3905173200876913 -2.4874654356518544 -2.965622657160982 -1.4430072134199945 0.05018886496221083 5.026599642169468 -2.260937457190139 
30 1.0078650727674836 0.0010611011594320414 1.5592238488163808 0.007843327982894284 -0.19210148259372087 0.5257656188947109 0.27762481486575896 -2.526265766852437 -2.9769701422059884 -1.5668822054260447 0.04755501606058189 3.6861531896080706 -2.0587100821157613 
31 1.0362699664723443 -0.004160093753328784 1.5705087684032997 0.01342733742009684 -0.21486194163159705 0.5259969494047693 0.27040920631153065 -2.4727505860546737 -2.982668028522543 -1.5466070733749486 0.04645355447203155 4.414042046040352 -2.245029742280968 
32 0.9715103632493944 0.0022201664162434125 1.5653146848686876 0.016795493103229708 -0.19643282081362956 0.5212392125574213 0.2064011777671493 -2.4464767600535557 -2.929940741198683 -1.2972475814161948 0.05556126387771275 3.985467580576277 -1.6536814539439955 
33 0.956782319046042 0.001057145346900622 1.5762227015121044 0.04080476629594722 -0.20459632716236448 0.5189403824338545 0.3099918710818744 -2.51651393306511 -2.975905518015397 -1.4062504904292505 0.05116643845586697 4.641131316058278 -1.9773745280303188 
34 0.9960609574589647 0.0012078101633135174 1.5698251843775914 0.03728230159108291 -0.20532578893720632 0.5294784315201159 0.19608784850494126 -2.4620741015279815 -2.9479614903496265 -1.4466540040005305 0.051172958084313075 4.454999660168392 -1.5675068195281645 
35 0.99945777633923 0.004758973309528229 1.557750138828398 0.018231282370659227 -0.1988096043065088 0.5265049470815142 0.12317213243823419 -2.43552416067667 -2.937033055671723 -1.504070505345746 0.048486448492768966 5.274646206989312 -2.04422676412287 
36 0.9542479119055611 0.0026319744581638485 1.5662192531044268 0.00877013690050416 -0.19429017206394053 0.5222886004077965 0.20861502156119685 -2.4340274486001157 -3.007954562266908 -1.4995716782962156 0.049411506860946634 3.0510324081010136 -1.992269437241227 
37 1.0020188660346343 -0.0005506459086472147 1.5756809542253865 -0.0003913962125687803 -0.19045309232162963 0.516921356050031 0.18050538478377662 -2.503162151539158 -2.929587032843151 -1.4883682551901607 0.05133490582499133 4.414989384611861 -1.6051274615332998 
38 1.0111314364192154 0.0005124358987622734 1.5618394601237053 0.007043410772310849 -0.20573029176302635 0.5228051491262914 0.18575586128318344 -2.4473816546143317 -2.8696696472086924 -1.4876948646069876 0.04985755622814766 4.079720669054642 -2.3844010311720307 
39 1.0191500358703394 0.004185058332596553 1.5667419350526435 -0.010461119339227082 -0.1967027267859809 0.5194566134635921 0.36622803723295305 -2.448009934891131 -2.978281321384091 -1.3534344705609442 0.05250389719605837 3.033739182342678 -2.0547401310385762 
40 0.983312935151564 -0.0007294968974846178 1.5660505106221474 0.011075151959681957 -0.19377426842929907 0.5188825714532677 0.20347501818697403 -2.456977513156868 -2.910436591074002 -1.4825033629533735 0.050185376918418796 5.701455968010141 -1.5522500611680392 
41 0.9800923372655425 0.004335932760908877 1.5505654760186043 -0.01691997420138024 -0.18952618228195875 0.5184891563383186 0.21161932798163327 -2.4193955945022485 -2.9875343616339243 -1.4134963358927826 0.05110188549026021 3.510240386187974 -2.1206258102872924 
42 0.9717592297880129 0.002921161595036015 1.5616490049699971 0.009837582933827943 -0.21965315321976728 0.5311603611823797 0.3279952568667213 -2.4401492822664737 -3.0054109000694824 -1.3974110659236856 0.049998801891146534 2.937499276945898 -2.0584556643782337 
43 0.970982614121445 0.0022304721065769663 1.5639357320605325 0.010998773708405834 -0.17840955775684714 0.5189429870019368 0.23368939790653956 -2.4180654940992445 -2.9672740612997917 -1.4476838893502368 0.04977995075159948 2.1935265938484263 -1.9457726032385299 
44 0.9993237595106289 0.0033220167687363455 1.5679681624590467 0.011304204894809428 -0.21423536940579033 0.5277874072005777 0.26975439664124745 -2.510531854444415 -2.9999188264234258 -1.480334346044028 0.050149430787041066 2.8395785435210277 -1.8145389928312188 
45 0.983902784305402 -0.0003740081137481116 1.5695083301936734 0.006322051266977216 -0.19701928267541535 0.5234528704851035 0.334316108026368 -2.4416653713866947 -3.0272584322400795 -1.6244665022594578 0.044433102211841685 4.105673270021559 -2.2003803430651248 
46 0.9849642739151522 0.0033376606033483952 1.551371373454194 -0.019271325165633707 -0.19373330157478214 0.5283180589949106 0.36479425640554825 -2.447180994346937 -3.0497590804180392 -1.62039809134891 0.043545156911808894 2.3009229696311566 -2.0378366972302535 
47 0.961944220796127 0.00288354478043378 1.5714898023689847 0.003687089293451985 -0.18744409192871214 0.5189527148726826 0.48244864079794547 -2.4785226160194394 -3.0493027868290774 -1.471012980167897 0.04643357011046934 3.3760037986400797 -1.7227018459194885 
48 0.9820808822098329 0.002572864024224273 1.5556993313116974 -0.0019133748460746529 -0.19749961355154846 0.525505593906963 0.29989106120097725 -2.4077066130663507 -3.001381898408739 -1.586893306127465 0.04578387024613215 2.475257704207968 -1.9428388374808372 
49 0.9282113486017144 0.004370677974749418 1.5603566253446823 -0.007849678868617514 -0.18902641429569314 0.5170042499820457 0.18462880749069902 -2.4706723787189504 -2.998127563633567 -1.4401718917405546 0.05001331213574823 2.974479747660327 -1.852163006421826 
50 0.9963866272264258 0.0011216077516833542 1.5654139842113874 -0.01047408778721371 -0.18266992997967135 0.5153597686087426 0.17828369942901998 -2.45684667671216 -2.9855851264820714 -1.385522451048083 0.05359344420229507 4.368861197746102 -1.7204367719058984 
51 0.985703899629197 0.002995992190656852 1.5853969953149882 -0.02990188242188682 -0.19584184936682353 0.5180793053533496 0.460292003212083 -2.468880960660446 -2.915334900334021 -1.4730365263194865 0.05149901044692515 3.1443219662886905 -2.369545881132112 
52 0.9942679848218196 -0.0010665250189444068 1.5525633349989307 0.014169942816222495 -0.1823056782518086 0.5168513329242328 0.39470277972226164 -2.420786031615745 -2.945629727676604 -1.5736689066605214 0.04812672463056396 2.984782147328783 -2.07353844223724 
53 0.9725325254256175 0.0014904680966793045 1.5625660154998837 -0.006874027643524355 -0.1857840638917339 0.5232118986060093 0.5887022782287267 -2.5449010058073784 -2.9667246887232652 -1.3999534741611628 0.050748892967123975 3.317401558540874 -2.115832145924242 
54 0.9333770770384647 0.004838636954304784 1.5641469259284795 0.05092441409736459 -0.19708472668061722 0.520515101315348 0.239329382097581 -2.497348866296315 -3.0092369588363175 -1.4989965439980448 0.046985793011722336 2.785687859476586 -1.8062299745070276 
55 0.9378063361494703 0.0036448410847336045 1.5640380038685051 0.001996689321399349 -0.2015894161497832 0.5232230471702389 0.3113496605121482 -2.473148829616557 -2.9702879094142323 -1.2940657179857724 0.053034983439019495 3.7621112171385525 -1.8022318368139278 
56 1.0012185027475915 0.002539579842561233 1.575231958386489 0.015911090673511426 -0.17863881557097727 0.5209664498546304 0.23499643404917517 -2.4513406885293376 -2.944284107617566 -1.2897132662343487 0.05256719731713863 3.536788312718126 -2.042435343727333 
57 0.9555933929435242 0.0015076164175187147 1.5611950505771426 0.017557835121100016 -0.19800500763089304 0.5229584429856886 0.2586485141824016 -2.379715605166669 -2.9891746721053316 -1.344089159767211 0.05188880509570405 2.901663172363001 -1.7194577830941553 
58 1.0264812760702637 0.0006729328469262345 1.5645374926500026 0.016884760949839973 -0.1903625368567824 0.5198654511579364 0.3368439459238123 -2.4719437211921695 -3.02690164187068 -1.4920515001074661 0.04519627712544834 3.784904268005425 -2.3291067870679134 
59 1.017774676995315 -0.0004062303788329238 1.5597388175898028 -0.0018282487222050171 -0.21440448475692928 0.5315704735545431 0.21734366355504958 -2.470236293097154 -2.9541806563593775 -1.4449416033180589 0.04916249322313329 4.276370154174509 -2.007836505611115 
60 0.99115529777978 -0.0010364262947714113 1.5688132329219355 -0.018725148676273725 -0.19770633573256594 0.5196263110384552 0.32831895997391003 -2.472682189261078 -2.9115050479954423 -1.4025006187777012 0.054553995196133576 4.800809779232918 -1.9617908747340667 
61 0.9826593242002661 0.0016215738835638222 1.5609402216061379 0.0016352571173262017 -0.18709554180977062 0.5170024093453622 0.5282505364311177 -2.4012580088464537 -2.9728413511840963 -1.3518211909879227 0.05302759751852851 3.1870961382816905 -1.900520228517418 
62 0.9482763801565506 0.002675979761894763 1.5697804030827018 0.017754154661056374 -0.1963273720578753 0.5218068859651795 0.31463261562468814 -2.4462920843044853 -2.9895697479464514 -1.4224691666831077 0.05164027666943212 5.461314621859122 -2.309471038882428 
63 0.9709225164625114 0.001023423565801793 1.5569887973862995 -0.030408869431019322 -0.19504647131789787 0.5224706881458896 0.12884176704051534 -2.4428727698442736 -3.0427166342225274 -1.4670817004926882 0.049374567933357955 2.647061540216172 -2.0982296254044774 
64 1.0054518004709285 0.0001214366911250064 1.567611714530596 0.020561662558616606 -0.20218683428750125 0.5238300342702094 0.48262844532982774 -2.4758196472978153 -2.967843707064217 -1.474522195065689 0.049321072360952706 4.27384837592174 -2.0279540429436502 
65 0.9936066465653971 -0.0006330192609198457 1.5705125354112646 0.02381006118725237 -0.18749336560781962 0.5220092270437638 0.2391542871972742 -2.479614690864455 -2.957835268351623 -1.422209900581418 0.052627119907836785 4.8065673450028115 -2.227419550647203 
66 0.9978547833126231 -3.3159495758652e-05 1.5812829006973088 0.022367023892680814 -0.2036444825729349 0.5262796572462863 0.17140261323740602 -2.4456740173681664 -3.001708648621244 -1.4271066331148514 0.05095171871799654 3.2209812682614154 -1.6890512549061412 
67 0.9661386260605339 0.003129560880093538 1.5787259170100334 0.0323410628167157 -0.19752540831709445 0.5186682768499701 0.377857594517328 -2.4591480999006947 -2.9374253280633384 -1.3631078486555086 0.05164978924945488 3.264931999372548 -1.8195666187687283 
68 1.0310547311413605 0.0011515714624098393 1.5604384791535821 0.0004459146848818646 -0.19157805922535265 0.5243099137943589 0.28385259552782877 -2.49178789493592 -2.9523712055120743 -1.3790097420438119 0.053789011958595 4.482583258822056 -2.211496527082462 
69 0.9917901993064592 7.224505134447638e-05 1.5646376338408552 0.0016043651790230656 -0.1862787585570161 0.5166907224608753 0.2637521232803738 -2.448558785987705 -2.974539835996587 -1.3420554942535048 0.05299637989297109 4.646828530435025 -2.2035898495812054 
70 0.9827675260482739 0.0017945748213177514 1.564289852306483 0.0041156778930484614 -0.186111900800601 0.5198871287302516 0.27752592682005695 -2.455336896239637 -3.004736946954503 -1.4045093809953921 0.05151999001755827 2.6489241553972116 -1.6953224452810147 
71 1.0007928126212928 0.00016480029066895578 1.5664342665002546 -0.013419068013836652 -0.2168107870925135 0.52505826770666 0.6533374304278056 -2.5785305203545477 -3.017814483286566 -1.4369526809332123 0.04990540822913076 4.539955749152836 -2.0560729780210396 
72 0.9920806048880065 0.00291268391537004 1.5675405970905145 -0.027025653725755015 -0.2014898008184562 0.5217180860193189 0.3927123350408978 -2.3974432113195427 -2.9945378269480436 -1.291496974417458 0.051898091359660205 3.1768885968892326 -1.7821043638637328 
73 0.9616093330060566 -0.0007765791040712102 1.5661422393389188 -0.0147520322702756 -0.20424325087208828 0.5222706578946594 0.34570551591266485 -2.485110636874401 -2.9591345967105833 -1.513947405874225 0.048572782702280846 4.6904635587030565 -2.2913975849538266 
74 0.9607448123627668 0.006455254700211336 1.572814801526676 0.019428899926484302 -0.20086282833334326 0.5237098380080515 0.2848787339960354 -2.426832605098126 -2.9175628021153175 -1.3588501031120483 0.05387718766000807 3.245741401465872 -2.536440481383942 
75 0.9957591394387659 -0.0013846719448874644 1.5644936350683756 0.00959854319267271 -0.20605049694700028 0.5303454054575714 0.2850023930500195 -2.4598679861628265 -2.9810436577047494 -1.4635144513555323 0.051966200788180573 2.8838610523957264 -1.9830202252979106 
76 1.029383407559419 0.002509351661815599 1.5679557662086436 0.023552022117296414 -0.20136554130476159 0.5245251163886514 0.5761481014860326 -2.5346862706039124 -3.0168415582011097 -1.4524714880774328 0.04735437965919035 2.9259734856389135 -2.421764736032833 
77 0.9820256657497555 0.00019394303799477727 1.5757080758460869 0.0054803635049574945 -0.2008734671741803 0.5230820468776054 0.34492866102347514 -2.461987352692823 -2.9794619221466965 -1.3454114916495532 0.04970123060629984 3.694516894577742 -1.9738824891450155 
78 0.9708546409330996 -0.001125287396723846 1.5627623052352244 0.01421632159116301 -0.18955905911342943 0.5205598722285087 0.3402332224497076 -2.418479566189472 -2.9535431558365057 -1.4233594792517772 0.0515887263017424 4.780253580098968 -1.6907418234186193 
79 1.0638441608909872 -0.003499108611377817 1.5696604787079393 -0.0016733067362941561 -0.1965210830560302 0.5224866325843286 0.40738244517133115 -2.46540104667578 -2.949509196103747 -1.5051574429277044 0.05124795899479442 4.830851269904415 -1.9505222121481367 
80 1.0015207771029142 0.0010588710143875097 1.5648367950050002 -0.008688789745327037 -0.2104434785546807 0.5271233017312151 0.32754957481939767 -2.424680127074 -2.9043872973329634 -1.6213958588004285 0.04578235899292627 2.555878126053829 -2.0654472167925744 
81 1.04158768642904 0.0012824189145519689 1.5639528275016799 0.004057518200431632 -0.19195513183314888 0.5207212257780671 0.27529076196863206 -2.4411394528546895 -2.9755161811821167 -1.1575543694714268 0.055584696362295134 4.257064099587078 -2.1719198039265146 
82 1.000724420623322 0.001405934189878724 1.5673764138346138 0.012042085534363395 -0.20189798579165102 0.5278229358197968 0.28525204929179865 -2.428288648517828 -3.01181601136917 -1.4635975650353605 0.051757278692114314 3.7147622021930022 -2.183961458705041 
83 0.9769816188476882 0.001998510815705485 1.5666481826417114 0.006040245859899953 -0.18064587260691567 0.5179168076484849 0.2858445564950837 -2.4730807488332545 -3.0203400353881755 -1.4487738123324754 0.049810928164236754 2.971776198299176 -1.9635753668500133 
84 0.9539564651281003 0.003390064383186544 1.5639319834129555 0.010494433287197753 -0.18087972412712477 0.5200867152650016 0.3358074335377587 -2.4434983029965407 -2.954627195242386 -1.5511233881849356 0.04534754239428027 3.3869909840063324 -1.5593313909416233 
85 1.0176286648498505 0.003708081845808754 1.571366306890379 0.009827484952018399 -0.21145875401872669 0.5249516809837812 0.3705370461945351 -2.4514361848759414 -2.9546966629236184 -1.4018678473236181 0.05014214580347219 3.7937961838033685 -2.430222317751293 
86 1.011247331892072 0.0004556290887598806 1.5624653974508902 0.017784931801902885 -0.22164858923092606 0.5310353534611861 0.26406976567712054 -2.4287616276817863 -3.0135851693870874 -1.5500057965509573 0.04645139358196737 2.8700178151721327 -1.802682996058516 
87 0.9748631777827736 0.0017852735646494246 1.5577281812536936 0.02373891733005369 -0.2041374361815428 0.52676203830088 0.2371402900175299 -2.466890381562611 -2.9791467628065007 -1.5737977208801168 0.047151252920085755 2.290036397273207 -2.0997222071835964 
88 0.9886596728561619 0.0003607549778495035 1.556539089176658 0.011156037903304808 -0.19654056619749583 0.5223808589462352 0.2302905235508298 -2.4439762298666428 -2.9143631657742093 -1.4624985519123745 0.04881180133863829 4.4406786403290415 -2.38853442416864 
89 1.005279096585393 0.0017626890143554608 1.574325575695214 -0.030990199947311586 -0.19134709283986043 0.5152483782707568 0.20169929711233262 -2.491356774893115 -3.0078125329667715 -1.5162598838687744 0.04631213254467431 3.1880389258941184 -1.9533062496410507 
90 0.9221549228257946 0.0022376364411174406 1.5707751505448229 0.03059420748672076 -0.20968912352193778 0.5236359458930971 0.7053108630268279 -2.4170136439992325 -2.916843815183245 -1.5262172680800337 0.048483393116505916 3.0695853621826354 -1.8632763369147074 
91 1.0125431610822508 0.0016098835118359641 1.5725054819639583 0.033145536828892846 -0.19588762709076787 0.5257317740605991 0.29669314414808695 -2.4658239933130104 -3.019430491361738 -1.4645387790434026 0.04912131117823198 2.5998404625625544 -1.9995427173614264 
92 1.013464748240795 0.0028190101555035066 1.5655998188589058 0.008586755903089407 -0.1794174239706717 0.5167744438592007 0.23127910208063598 -2.471947742864409 -2.9583956262334214 -1.4201312053629558 0.04760002347732383 3.599223470194914 -2.503964415805358 
93 1.0026600036731763 -0.0011193937469196058 1.5734438183812895 -0.002607454211602805 -0.20346845582377895 0.5255424829828678 0.3200673631871459 -2.4330905409006074 -2.8757314425242613 -1.460003435480155 0.05439740877530084 5.100946879143963 -2.5672384921351963 
94 0.9775740870886785 0.0037720258297400675 1.558592683634889 -0.002039610348178102 -0.20247322198322149 0.5266614543742354 0.3208185863157578 -2.4733055748983537 -2.960335334309082 -1.6848465804504065 0.0442809628875701 2.40896685085162 -1.7893483080905717 
95 1.0307167752657178 -0.0019135044629734546 1.5633311362613658 -0.02891815245707256 -0.20328480039071264 0.5250228150695344 0.2928070979398351 -2.4549278083580153 -2.995166801234766 -1.4625477037157892 0.049194938851597085 2.1506355047260324 -2.031994640985058 
96 1.000386925057455 0.0031793197979405477 1.578132364971841 -0.01507117438622925 -0.20466857698657648 0.521448441588706 0.38180765387297116 -2.4577017740229756 -2.9335499479948 -1.3316361084362476 0.05427044243367008 2.885019293422153 -1.6010220029787292 
97 1.0485715154407995 -0.0025844020464634823 1.5730150925108222 -0.017681641583324786 -0.18880547282571405 0.5153956339543011 0.34086673437453435 -2.5283230212579784 -2.9566161088932725 -1.295517873309642 0.054826458720348296 5.35639553833063 -1.9351591160795705 
98 0.9926354282380555 0.0011753362949910027 1.5688716853828009 0.007530132391437647 -0.1977065682638706 0.5254013106002242 0.2245110039618506 -2.4615578167719407 -2.9297727331689556 -1.489544154506799 0.04916392747102755 4.047839145310357 -2.105225912431799 
99 0.9982274613898069 -0.0014002769178639266 1.5665662246413505 0.013081487445504365 -0.18044164841520693 0.5200183751584563 0.22691069299762856 -2.454636037543363 -2.9046685258381446 -1.4888837549709755 0.053414508151789296 5.2121548211197295 -2.1564684665468166 
