# A_lens r_tensor beta_d epsilon_ds alpha_d_bb amp_d_bb beta_s alpha_s_bb amp_s_bb 
0 0.963887546399656 0.0121190302764534 1.57300674956265 0.00617187042115683 -0.201579439653271 28.7031376546107 -3.04685494971381 -1.55916360958196 1.25966619146619 
1 0.984450886352702 0.016299787770212 1.55558436061267 0.0103842638249678 -0.217104480028152 28.6877011744795 -2.98972123121314 -1.32707767386736 1.39393613680652 
2 1.02870710539057 0.0134323745040679 1.57509854368484 0.0141274291375587 -0.192466030500533 28.4570244447418 -2.99415350410693 -1.3643013226279 1.36702661116361 
3 0.988081011232312 0.0115696174826192 1.57055389004555 0.0410191195532651 -0.183262618137525 28.2732185418366 -2.96803417009937 -1.60268091804329 1.23710237721642 
4 1.02723709346816 0.0106624742430386 1.56816563092125 0.0371428434609493 -0.203839544129439 28.5369241821418 -3.00750121785364 -1.45116218240025 1.3437314028228 
5 1.04168606050237 0.0168519589482848 1.57150838843256 -0.0183767696771892 -0.209083446344782 28.6988753054858 -2.96177723670893 -1.39006212729677 1.30508629939601 
6 1.00335329123239 0.0132912917402065 1.55623640226708 -0.031560629677163 -0.192256555386152 28.2699757724046 -2.95446958329337 -1.41839011630454 1.33266305312979 
7 1.03192737707175 0.0124428735341093 1.56067230037822 0.0124356991991722 -0.200627919479503 28.2471118828113 -3.04979229518469 -1.47729409772571 1.37023273401078 
8 1.04815044577656 0.00941498027067145 1.56378738788834 0.0388912755874374 -0.185671866135699 28.3096976119429 -3.016081579932 -1.40635436676161 1.34691482387013 
9 0.999374948299745 0.0103273597281512 1.56288737531132 0.0396187721399192 -0.20293899388596 28.47619635386 -3.07092268912132 -1.3681558920542 1.39924659217001 
10 1.00542637513419 0.010812098628328 1.57447991788814 0.00435820809721665 -0.199996682799746 28.7087685632451 -3.03956296570863 -1.2263869614013 1.55873821750857 
11 1.00741108656831 0.0113842732691805 1.56261826130252 0.0186551104726049 -0.19391391219195 28.3521357709692 -2.97080315593855 -1.4333303995616 1.33498488795141 
12 0.991654728557513 0.0150878833090064 1.57913228140798 -0.008284741447409 -0.197697701501157 28.4527060220721 -2.93939256813148 -1.44320625916316 1.27797623799634 
13 0.984908573094095 0.012123620010559 1.56002359614421 -0.0183831090445506 -0.19959003096628 28.3003824198638 -2.95015040156777 -1.48138071855312 1.23739153836645 
14 1.03488808672539 0.01073020536056 1.54587612797728 -0.00724524825433043 -0.17075097178728 27.6436913042378 -3.01632601331636 -1.21047078688051 1.54188567977142 
15 1.02460306002883 0.0120438092263633 1.57029425783048 -0.00702669376839349 -0.195061028379851 28.2957160643045 -2.93962194220249 -1.5957212078886 1.2706302908083 
16 0.990397785986162 0.0130970227744324 1.57494170204735 0.00391473236081566 -0.184633088006022 28.3280046954635 -3.01947725324052 -1.52534892840593 1.25936677755269 
17 1.00939534472798 0.00927657724667865 1.56148225442461 0.0107330514937842 -0.210269432231943 28.4999213718482 -2.97694204578938 -1.55008374334007 1.2533747282546 
18 1.04995885593766 0.0127436206554304 1.56380079955267 -0.0136740637384306 -0.199916461691016 28.4129573293931 -3.1154582345443 -1.48060997810468 1.38000889678132 
19 1.06946513502977 0.0127628049173386 1.56259766580162 0.0115105921099592 -0.204101353573939 28.3258713643266 -2.95634606213262 -1.5266978485252 1.27957853473483 
20 1.00151398133029 0.0125103075527841 1.5751438935172 0.0408110170676183 -0.207627682185476 28.8934668484765 -2.93257600142764 -1.68509510938289 1.15192414207337 
21 1.01888678758519 0.0104691367035407 1.56766583224094 0.00488479498910343 -0.185757244764046 28.2862388364528 -3.11041482774675 -1.43212638724678 1.43977853255949 
22 0.996239265505509 0.0141939391921913 1.56559355622203 0.00739506790854516 -0.194008467657383 28.2725041573766 -3.03824149100405 -1.37953046219474 1.3889675698275 
23 1.02121678221519 0.00983733785406224 1.56571697032747 0.0169489342704244 -0.202306442373489 28.5074345378012 -3.05746360087689 -1.72820779940365 1.20857277596808 
24 0.96639069352481 0.0155510323548281 1.57146130531417 0.0201011400509194 -0.181050677892779 28.2161412062505 -2.95857317783206 -1.55661318333309 1.23683315282781 
25 1.00895722388973 0.0155255215885558 1.56774802496049 -0.000169275008243334 -0.200135557828892 28.6140369435316 -3.05330634575151 -1.35067621614092 1.43020789034093 
26 0.982288639907032 0.016374090912793 1.57696689251373 -0.00849764688714943 -0.20205092708461 28.6053209535114 -2.97897525713421 -1.37202851579162 1.41504408748122 
27 0.995559997351762 0.016275771217915 1.57133692437237 0.0297968462049383 -0.196916445623588 28.2639041654556 -3.07913813848888 -1.43915895800961 1.34512343685141 
28 0.95081277027223 0.0191648713227575 1.55989354244212 0.0132708982112326 -0.196864635338131 28.3379282191069 -3.05787563077902 -1.33942157283581 1.40149946410784 
29 1.02635294424941 0.00947787698132957 1.57246597132239 -0.0185038516262611 -0.198391770174274 28.4830225406236 -3.07526833704026 -1.46560400057372 1.36136474053454 
30 0.977416957115908 0.0172580397751823 1.57391697667212 0.000688427932853354 -0.189140570313459 28.4516777598106 -3.04727851306274 -1.55101540047541 1.28719143936964 
31 0.967181039412212 0.011459751436063 1.5845125425503 0.00613619367475631 -0.208096424744813 28.9417544023507 -3.04805176931685 -1.47367033100601 1.33679653299657 
32 1.0235211090237 0.00980692995158686 1.58702708409168 0.0203568319017515 -0.1847127233231 28.3097978661196 -2.97813517980515 -1.17415837495466 1.45816293749676 
33 0.989188345298998 0.012823855975836 1.57317627052722 0.0628034571817258 -0.214040296643285 28.7392447062383 -3.01156367894192 -1.44554886774034 1.33702344093398 
34 0.98416752602367 0.00948680245740314 1.56731363392491 0.0527338802948087 -0.201585846527037 28.7056814016171 -3.01154724474702 -1.45487197509704 1.31500655154469 
35 0.989917538694287 0.0130447726981915 1.55323526510232 0.024802808668958 -0.213279784726158 28.6329305512297 -3.00078618824616 -1.43601402629264 1.2597823221101 
36 1.05292595159935 0.0104512274970676 1.56818999870263 0.00747516874671651 -0.20287546320522 28.6031845925658 -3.04101413201613 -1.52657109866087 1.36926187202345 
37 0.980657454059354 0.013308302768851 1.56570388622406 0.0155183540845154 -0.189826822108598 28.2583605883451 -2.97259212748684 -1.46164028826899 1.34267501753954 
38 1.02130085020884 0.0145184021593116 1.55722573680134 0.0219730187607166 -0.214764446325073 28.5310272199568 -2.94970058608334 -1.44810366511797 1.26218576661121 
39 1.00336655442666 0.010893274479699 1.56167378309142 -0.00628018882441325 -0.200517812367955 28.2803889710868 -2.97912802725862 -1.56176537348387 1.26817164541961 
40 0.960474486342821 0.0140818087732197 1.55881889046348 0.0247082748917576 -0.206984005261646 28.4091592099238 -3.0162107894463 -1.40823567498294 1.33808528702017 
41 1.01555498087438 0.0120170262624431 1.54716478096986 -0.0148720562246162 -0.191663428815659 27.85845684836 -3.03866683861775 -1.3574052316849 1.42650663510278 
42 1.00414510824945 0.00991622149940298 1.56415966108845 0.00846201707567455 -0.221124439233614 28.8315544016942 -3.0081823470346 -1.44207278832004 1.34297317036851 
43 0.985365441630961 0.0135423145680952 1.5691041645772 0.00390721111020529 -0.183458696008203 28.2313973452281 -3.04875203812681 -1.54114753219043 1.30195752760058 
44 0.969862260108777 0.0155112284975714 1.56132978813299 0.0158924597582139 -0.214048262699054 28.5746007678699 -3.02291153529259 -1.4939141091888 1.37697288784393 
45 1.0327992909599 0.0144241330596359 1.58192624763173 0.000204081329451676 -0.203325050406646 28.8103221861269 -3.07862945956257 -1.56477589131849 1.32364273754892 
46 0.986026221589623 0.0165709251221751 1.54971890826666 -0.0047552975349022 -0.202238087614773 28.5025032005049 -3.1196241688257 -1.62778305280603 1.30445163512305 
47 0.983595119488816 0.0137658478124993 1.56755137667345 0.00947214997373708 -0.1862820071858 28.3204341626433 -3.02155685120527 -1.55835314641648 1.28374913434198 
48 1.05876068991443 0.0083618480242808 1.55807945635069 -0.00552215965667028 -0.187800734833675 28.0677028207263 -3.03191574609253 -1.69514550323867 1.1956986830995 
49 0.995089622097753 0.013060176724918 1.56794813247161 -0.00224254744938187 -0.194019162738224 28.2328540537972 -3.07132054600245 -1.45043960218251 1.36439090279342 
50 0.973433122463853 0.0160791243423651 1.57835508999841 -0.0123238072640526 -0.194041705577261 28.4264785391999 -3.00514535782713 -1.31353636532648 1.466222737825 
51 1.01247122819545 0.0119637434115303 1.57442158253371 -0.0166909703565773 -0.205298641909284 28.8635211029546 -2.99667525943927 -1.6788981310881 1.21103998765906 
52 1.00686297676967 0.012915775060122 1.55935071255409 0.0133227178056672 -0.189332088785721 28.0169640804801 -2.9911895511826 -1.65797709257217 1.21060609606369 
53 0.950142127889299 0.0163724235203192 1.56457478699984 -0.00435483428364936 -0.180414768973269 28.1848303677848 -3.07021056720982 -1.51126637116067 1.31255140515663 
54 0.941878993891297 0.015508283447662 1.56930237632609 0.051724247576735 -0.194177591911311 28.1887507919957 -3.01614391628447 -1.55584146575551 1.25083047389302 
55 0.952208643851741 0.0127333467185491 1.55773856757426 0.0166496205088271 -0.203808153151946 28.2933048032162 -2.97247569191895 -1.14538093296206 1.48271975814098 
56 0.986097446737215 0.0138363981573204 1.57649747784441 0.0339901589460009 -0.175961297422007 28.5492254899474 -3.02982024082849 -1.35217016369925 1.34803571113897 
57 1.03746201544932 0.00862058169812168 1.55561917454058 0.0276391264222187 -0.214503804503015 28.5008219138918 -2.98023272342667 -1.35903736256448 1.38311218288503 
58 1.03277374007782 0.00801675661916368 1.56750934022744 0.0279010654649855 -0.184670441095119 28.2150512024058 -3.00380917772085 -1.44307019849337 1.29474784389454 
59 1.01016012001371 0.0115117160794127 1.55972864022719 0.00248534399703492 -0.21226480607908 28.6556555661329 -2.97885076319452 -1.49476731129951 1.25010612055884 
60 0.961173347796427 0.01785956828018 1.5698846494305 -0.00423266631844734 -0.19746352799051 28.483766958792 -2.9951155130954 -1.49737981169485 1.34367341459371 
61 0.987438861451595 0.0113611634430008 1.55319771141198 0.0121051210306664 -0.192243555343569 28.0595258216817 -2.97907791886638 -1.40855634035348 1.36466975067132 
62 0.96000969014356 0.0170792522952423 1.56513361025807 0.0345488073542535 -0.193178246319529 28.4193107875856 -3.13218232330849 -1.31829870858638 1.5259336883641 
63 0.972768561274484 0.0136927371726616 1.56013180868113 -0.0321118078735362 -0.199256824456769 28.3460213043224 -3.0613586553473 -1.52118528135418 1.38132860626023 
64 0.987951892597788 0.0150117253623136 1.56973704557311 0.0290204363993975 -0.208681151042554 28.5722316681368 -3.05274551362196 -1.49703627221042 1.32167717102853 
65 0.984706695762598 0.0115059954704547 1.56909564527886 0.0165912339316251 -0.186119060135954 28.3848901871452 -2.95674320925581 -1.32009021914155 1.42267009897274 
66 1.00188023703423 0.00915770234974185 1.58203794486701 0.0256645344103889 -0.196870463948071 28.7556922041431 -3.00983160146233 -1.53396182472753 1.34381024079662 
67 0.974005461670649 0.0133717392097242 1.5696998349863 0.0419860147907331 -0.210316684494821 28.8153388209536 -2.98420342546962 -1.48380512460026 1.25488398565824 
68 0.952567710778244 0.0183335607932868 1.56986724646075 -0.00152378926561549 -0.182523607938541 28.0491919496009 -3.02108201281066 -1.34110401451279 1.45277570523563 
69 1.01216181531424 0.0136689866907953 1.57329156860547 0.00165487151664066 -0.175862095314671 28.1110268067963 -3.05765961049483 -1.36552130156691 1.44881159045216 
70 1.04808642837829 0.00964432300278615 1.57557274666646 -0.00186510187231477 -0.191680736313223 28.4011404659013 -3.03851129727108 -1.49345076936458 1.36658034269651 
71 1.0108072205931 0.0152564362849612 1.57429773669347 -0.00711078392924084 -0.207860603969513 28.5729659797653 -3.13841337260577 -1.39302811446711 1.49237054423304 
72 0.970705011115528 0.0124748003237031 1.5569486150833 -0.0194403879034862 -0.208543378687581 28.3871074469664 -2.97171284903839 -1.39157388765577 1.32544580669599 
73 0.980144271612903 0.0132927365936354 1.55933874122597 -0.00799591036634962 -0.202923379433694 28.4225486397451 -3.04259295015805 -1.50908091163477 1.33877941479067 
74 1.0127971136803 0.0126357451449881 1.57332028000622 0.0109423099046651 -0.213793004459787 28.8451602697823 -2.94759616690351 -1.47020501932486 1.29081970744542 
75 1.0317289882646 0.0136155610712355 1.56267342881166 0.0125337242066177 -0.210382007280115 28.8543625400258 -3.08587949720101 -1.46565400760672 1.46549510334926 
76 0.995952696040916 0.0166279604632524 1.56461989104589 0.0397315870375353 -0.215299393706559 28.7917505685541 -3.01880906324175 -1.45594587112472 1.34325727850642 
77 0.974159863126873 0.0138308657442368 1.57154080741825 -0.00155251980717773 -0.195424571211958 28.4153944105622 -3.0209493558818 -1.49403951668303 1.2349480934936 
78 0.996888668062954 0.0130412311802069 1.56778751381766 0.0238468199925043 -0.19745410745071 28.4014318641397 -3.03129034121094 -1.39050404490701 1.38985550314795 
79 0.990906168092793 0.013422126751433 1.56478872428329 0.0173601755077634 -0.198406415446915 28.4027735110435 -3.08551826931685 -1.5575718774354 1.34068248464325 
80 0.961389473455405 0.0145785700558843 1.56092964136834 0.00109612308826343 -0.212384452010957 28.6873860238488 -2.97070410658984 -1.53754014873482 1.2146784060612 
81 1.01036831749896 0.0127591457559061 1.55897385589413 0.0165485288988668 -0.197102411793578 28.2610928870048 -3.00847346693735 -1.17002636021874 1.48030586829784 
82 1.01867539891055 0.0152667749025888 1.5629737577659 0.0105884062325987 -0.203521186555765 28.5659983939886 -3.01285469204619 -1.57008544154041 1.37496103051531 
83 1.00364279768313 0.0103043566437228 1.57254978713747 0.00322064703432428 -0.173457388511604 28.1764856800832 -3.00929901094066 -1.51352966225697 1.35492242056101 
84 0.963732287566016 0.012018910947616 1.56911260542605 0.0184394071167234 -0.186344161774073 28.3915300703062 -2.95447266679548 -1.47402823518865 1.22757024490565 
85 1.01055492577049 0.0123899271706355 1.56876489440653 0.013008656376333 -0.217193983790889 28.6511929203096 -2.98829386318245 -1.4955634094756 1.25015754158477 
86 0.990326945397081 0.0112013032177341 1.57157701350211 0.0261969890036699 -0.220278153500435 28.8855847967043 -3.04018555804078 -1.56193790854037 1.31191736602569 
87 1.01311080569175 0.0139420795132915 1.56875243402034 0.0232300678881337 -0.212179395941249 28.709641833785 -3.02788623147858 -1.72968557342933 1.19140145108953 
88 1.00271585853027 0.0154330445033461 1.55231109085967 0.0109052173293826 -0.195543433649853 28.1881236869657 -2.96853290051706 -1.49319454069914 1.2224488358987 
89 1.01169591026019 0.0125226129225686 1.563952780569 -0.0239220190566371 -0.197775254392772 28.1781326697162 -3.01410732290332 -1.52330821752183 1.25602083629439 
90 1.01006710276218 0.0145512774557745 1.57222287161738 0.0440442876464437 -0.215934037493754 28.8136970766539 -2.93060038458187 -1.58073323664154 1.18077873926748 
91 0.955523394062019 0.00953293600314614 1.57319268352566 0.0359463249478806 -0.205939128468607 28.9107754021383 -2.98752253032267 -1.48678120615556 1.34473873219258 
92 1.00587480420364 0.0122911855223116 1.57148387728412 0.0130695793936254 -0.191875263788715 28.3150209242024 -3.00692472904192 -1.42647388022225 1.3008085950686 
93 0.987244715934682 0.0141943759971489 1.57126401933075 0.00893604513534432 -0.204164068102617 28.6100165284659 -3.00231747691947 -1.4828689923723 1.37653300518023 
94 1.00932559459761 0.0144492218622312 1.56925449500186 -0.00128533858551526 -0.20704637781106 28.5802595738416 -3.00086165495779 -1.78810691966578 1.12623386749635 
95 1.01567872590987 0.0179773815449231 1.55902834756339 -0.0189710650848071 -0.214567390962546 28.5831446510759 -3.07076599045887 -1.59697583046231 1.29751177765605 
96 1.00237068862748 0.0104072397705286 1.56898317872586 -0.00120811549929696 -0.208903686005102 28.6080846030872 -2.97268733015124 -1.38939055195768 1.35505290227985 
97 1.03916054314803 0.00959550565400039 1.56758528770276 -0.00775003784266157 -0.187280607991764 28.137406916769 -2.9905902283724 -1.34342737244179 1.39884301303119 
98 0.971098531660542 0.0140826652836582 1.56224372768195 0.00995423097562112 -0.199262765449172 28.5609341716772 -2.98084429174894 -1.44356737519211 1.27809270462279 
99 0.957915519994381 0.0156035997018988 1.569864895656 0.0232365940138981 -0.189965031570396 28.4888236473841 -3.08048997741777 -1.43731669301932 1.42782363189848 
