# A_lens r_tensor beta_d epsilon_ds alpha_d_bb amp_d_bb beta_s alpha_s_bb amp_s_bb 
0 0.946474565347979 0.0210655079091406 1.59973984866106 -0.017825148846215 -0.985515119745625 26.1144951161573 -3.06925792775349 -1.58173796080822 1.51927985067635 
1 0.952259307653534 0.0245192250378049 1.59742068808387 -0.0254827653295087 -0.989308933961582 26.0978882185472 -3.16959641787025 -1.70094855906777 1.53813748610465 
2 0.97727256818233 0.0214182303635665 1.59095260071356 0.00412211102151976 -0.978443290561558 26.1064708696938 -3.15412364180222 -1.63166147781317 1.61086981776947 
3 1.02543245446775 0.0157474397692616 1.58905944757288 -0.00893224063316598 -0.979215040439798 26.2078781065976 -3.07724384111179 -1.84416460586803 1.33592651281266 
4 0.959943392501881 0.0239278836057357 1.59633537840743 0.016459286628238 -0.996668766484711 26.0615776053326 -3.13489494931259 -1.60871930670541 1.53348601598037 
5 0.954287556583921 0.0209728077977643 1.61058837026821 -0.0140469895958944 -0.984381724652701 26.2536525046361 -3.15046781081878 -1.73567896285929 1.48900195177962 
6 0.957347162299364 0.0184711115601955 1.5877284661043 -0.0319939778631313 -0.988395391946599 25.9963698748499 -3.1135645413274 -1.65014741872452 1.53768873193263 
7 0.982048447927846 0.0227911281216513 1.58788065307615 -0.038939252335443 -0.980185134176249 26.0131705775265 -3.11658964283966 -1.48332329343228 1.63647456265435 
8 0.978559134511017 0.0194735417115104 1.60624087395755 -0.0184566883329524 -0.978075218142199 26.1855587769258 -3.11430072103186 -1.59820904028881 1.54196528057628 
9 0.960386503236158 0.0164580743423858 1.59684686642109 -0.0109494718317774 -0.973537691857745 26.0397246825545 -3.0917888054355 -1.72692299752369 1.36440941805335 
10 1.03375776445801 0.0121885399897121 1.59146130176052 -0.0178235344559181 -0.974154622364564 26.0198580670386 -3.17419115834035 -1.52746673989311 1.70320756895091 
11 0.992227538756785 0.0176611385689877 1.6090676479414 -0.0291826156035832 -0.988354344026471 26.3930308994145 -3.10563863428387 -1.75348780391495 1.44400581132608 
12 0.989307421210998 0.0193112268909174 1.61206466721021 -0.0471320277700591 -0.988361781561074 26.3537875811323 -3.14722924714768 -1.63475392091459 1.63177229048707 
13 0.977213941070891 0.0221931476851632 1.60208581898678 -0.0244572527881889 -0.988969211102026 26.15338961841 -3.12223407051631 -1.69689183861018 1.45618993944657 
14 1.02533792329531 0.0161932362716383 1.60285014327391 -0.0306102973216869 -0.983224538827436 26.0638753870768 -3.12444036064481 -1.48044768310655 1.73003803048469 
15 0.967067714586281 0.021615848393153 1.61548253966842 -0.0252407620272521 -0.992082991457781 26.2063182716287 -3.11802062196822 -1.62284702210989 1.51513409304411 
16 1.0032570453331 0.0188917284170298 1.58689290888362 -0.00370887956462113 -0.975694181431145 25.9739783259768 -3.13126218443157 -1.62253100668193 1.58021847521676 
17 0.94155724631487 0.02382203028938 1.61329779299105 -0.023822345265233 -0.961191318808992 26.2501813874215 -3.0712612039163 -1.59353312992836 1.5357086701999 
18 0.96482996952816 0.0205068569516942 1.60229718999908 -0.0576743750427415 -0.97193309300574 26.1140209550379 -3.19816988711688 -1.63528765035245 1.63988062399882 
19 1.03936662149763 0.0158541095375072 1.5890421250349 -0.000520724747854861 -0.984611096650042 25.7598220632022 -3.17394986374089 -1.55474857947938 1.63574061734548 
20 0.956334277456101 0.0231069907529127 1.6026942074293 -0.0251559429021771 -1.0001044432739 26.345474319274 -3.08234030695659 -1.76538805620575 1.40743115963755 
21 1.02563943809617 0.0166936336226778 1.60623858997201 -0.0214429325687855 -0.979651632197249 25.9663012958101 -3.13230147008462 -1.68980788993045 1.4794911879307 
22 0.969489303153866 0.0202741987128985 1.58167025177659 -0.0174417172902668 -0.9917115925867 25.9953065197498 -3.05778607309118 -1.63762535123621 1.4884046219552 
23 1.04114042608915 0.0175014628759588 1.60544919633131 -0.0189670437876503 -0.980543315693095 26.0989784635749 -3.09743806856542 -1.71712378214873 1.42524403214384 
24 0.989892558610427 0.021891816926164 1.60087301558312 0.0113333415186812 -0.96141053505466 25.9553946874158 -3.16053414145236 -1.5957671163726 1.60826582066496 
25 0.998945718657477 0.0211533470823075 1.60636880206288 -0.0286447485197756 -0.981713667226647 26.4538589618366 -3.14329801886488 -1.61687550163557 1.59926896956214 
26 0.980756031947949 0.0237046427646402 1.61860752208428 -0.0330957752926893 -0.999612712319228 26.4136571053148 -3.07890674068955 -1.54199540312945 1.60301735987126 
27 1.00332295128037 0.0142962518821564 1.59732828688704 -0.0134514713770922 -0.980416587662129 25.7789236191865 -3.10598440956824 -1.56158813224883 1.6126047403242 
28 0.992015142108081 0.0182876330078322 1.59216002267457 -0.00701198167854474 -0.983790854159704 25.8940471028178 -3.07565979724742 -1.68391076742578 1.39816116602774 
29 1.00542564898591 0.0207635799516475 1.6097619401543 -0.0709755961823534 -0.982042442677343 26.2872510962405 -3.23043490336985 -1.47958612073122 1.67906508119621 
30 0.998256552481555 0.0178402041352585 1.59103459123011 -0.0155993513190443 -0.988333462774037 26.2026149642 -3.17131212724456 -1.7780877527059 1.4672979538011 
31 1.03215770019006 0.012723986408361 1.57628836701169 -0.033746987959528 -1.00576835185709 25.9590177677892 -3.14872164875699 -1.65538621652004 1.53410973903945 
32 0.987925562264817 0.0155108810416409 1.58657090425075 -0.0331154951955999 -0.999846789386922 26.12715049578 -3.12654512437812 -1.58182192359134 1.60384342790304 
33 0.948746886209003 0.0196119728204769 1.58878212451929 0.00968067092208963 -0.985520415186004 26.0113779745456 -3.14364212819322 -1.74604435727884 1.44442705427461 
34 0.991692059735721 0.0169218121091322 1.59132157602916 -0.0033402513834351 -0.994578328104354 26.315101391832 -3.05883111023187 -1.54201857099248 1.55092442640456 
35 0.97538436570888 0.0242050746697222 1.59671651014357 -0.000485764881839204 -0.981019706888491 26.2151889207336 -3.12573329506441 -1.61131334040281 1.55821660179495 
36 0.943947857478032 0.0210670776471363 1.60321833470023 -0.0216880560919771 -0.982752857499386 26.334884921628 -3.11847529885569 -1.63917007773439 1.52157208708221 
37 0.989370662893075 0.0184588151656793 1.59215728212171 -0.00684134178258169 -1.0054258277004 26.0882571849641 -3.06415982227048 -1.6508912735218 1.51791333440505 
38 1.01451209576084 0.0190643251861195 1.59484439437131 -0.0176788166644499 -0.994916080495788 25.8229268851723 -3.1774252930779 -1.6031226641683 1.55068539596327 
39 1.00594482237292 0.0202765706407574 1.58780491073746 -0.0222673649481602 -0.971255188411433 25.9771539010996 -3.09130348964041 -1.51196739594123 1.56987714015323 
40 0.968814092971938 0.0197897632003191 1.60033885314878 -0.0120620460940207 -0.975622368609373 26.1213944915381 -3.05664057477197 -1.63294004062364 1.51838330660242 
41 0.980505380430966 0.0218181553729586 1.60448604240805 0.00182746840840018 -0.997591437711754 26.1717005507214 -3.05060703671429 -1.49559106391777 1.60726628082682 
42 0.971515674237305 0.0187865025813827 1.58505637091163 0.017476978558494 -1.00551294769461 26.0760672911482 -3.12092302271193 -1.60925233846367 1.60408391147232 
43 0.948709658589787 0.0206184162080299 1.5791063318861 -0.00387636769839721 -0.983549959856923 25.7408108540608 -3.07953948187679 -1.71963960810338 1.48048081731648 
44 0.984639579956558 0.0222622420238501 1.61434912734011 -0.0110408474886819 -0.986933138844061 26.2656412485788 -3.06763027023179 -1.62589165399938 1.46674760999404 
45 0.966074461079017 0.0188017682623695 1.60988756056356 -0.0182619692442502 -0.993654435807632 26.3439335274565 -3.27768523254227 -1.75825132746514 1.48909103229264 
46 0.967725855109594 0.0205602648836118 1.58820948544812 -0.00329735853422193 -0.986884363495928 26.2985405474192 -3.14182715730565 -1.73688998809385 1.48241252763696 
47 0.964354660867213 0.0202723666509079 1.58842101041034 -0.0409629040346626 -0.960417602629936 25.8262026054489 -3.13598198725349 -1.65472970706938 1.58934739493051 
48 0.995062707667262 0.0170125085313496 1.58309913258052 -0.00773167494786665 -0.967377373539309 26.071252988267 -3.11981097490396 -1.81397351962688 1.40342026791046 
49 0.914934671098956 0.0213024161716686 1.59407328299832 -0.0177397978866766 -0.982649458804483 25.8876505480872 -3.17071885422369 -1.6216244681851 1.57634600106373 
50 0.989008912965623 0.0185274516715886 1.5941792105151 -0.00941147926252353 -0.982389175051884 25.763966115809 -3.13843798980559 -1.74984702545759 1.49492269232468 
51 0.968085384349161 0.0218812864976158 1.61690939586676 -0.0104973466654323 -0.972561033822861 26.3937149555489 -3.13203738665208 -1.71572583470014 1.47271341752431 
52 0.987092578781225 0.0156277222736863 1.57958721865236 0.00328823183002218 -0.986357400659981 25.5386790277933 -3.12323523447156 -1.71653680400193 1.49941430082358 
53 0.953639492779776 0.0211481833305503 1.5973291143953 -0.0224335215084408 -0.98622930134648 26.3846729339165 -3.13243243691379 -1.59896982885622 1.5761033363817 
54 0.927263580409751 0.021729591717054 1.59613342702125 -0.0108929388453909 -0.971758555765208 26.0192677103305 -3.11647478935497 -1.6213264413007 1.58187109855854 
55 0.923180659614927 0.0215227528549445 1.59545564731866 -0.0272568365789986 -0.973581449406323 25.7621443774036 -3.1224242037293 -1.69190036190133 1.49209237412025 
56 0.996099714594882 0.0203854828807486 1.59368237151952 -0.00567697387477566 -0.971420060311387 26.352201114737 -3.13142386637586 -1.63935327011735 1.58122594982782 
57 0.942076596268227 0.0192060287342758 1.5884690170893 -0.0303267646281354 -0.985778047133521 26.0416364350971 -3.0534480791096 -1.66023677072859 1.51327784907969 
58 1.00621622546474 0.0183447750477011 1.60882198928332 0.00265960751382407 -0.974906837004184 26.0200630551821 -3.09540214358323 -1.66337436987292 1.51105747465196 
59 1.00173872384256 0.0184307833358606 1.58518641480139 -0.0189069110667344 -0.995483454094751 26.3109174430125 -3.12696796874653 -1.64842000304058 1.53474693544556 
60 0.990173915529608 0.0186007504053727 1.60763130433909 -0.0198589614866544 -0.984208482040773 26.1086762641784 -3.07203983849999 -1.69096266702286 1.47201354541773 
61 0.978776316458703 0.0172248286580429 1.59443260483557 0.00455976583376015 -0.980132206719177 25.893133997208 -3.08750415308952 -1.57819340575834 1.54816555454299 
62 0.936599105036775 0.0221983506352583 1.61471245906239 -0.043956966009659 -0.984324332317889 26.4296526300723 -3.18745046168885 -1.60558225442477 1.62873102507835 
63 0.974575103781711 0.0189992187157442 1.59265324838836 -0.0298503683940496 -0.967350915058696 25.8305047182628 -3.1201811386146 -1.64694343194116 1.60332304458664 
64 0.988610809689586 0.0195517128201835 1.59723033650166 -0.0314800849355734 -0.98957044015631 26.1385662188386 -3.13365939280387 -1.69978473185794 1.54274081479322 
65 0.979157763118334 0.0182768020247621 1.59953210172372 -0.0427351471588119 -0.965230302693771 26.3122902406097 -3.12789045894742 -1.64350622085087 1.58436121897309 
66 0.995349210343628 0.0181519382468669 1.61470948419425 -0.000339081688859541 -0.990900424156547 26.1921878601157 -3.07931580421163 -1.65034249620417 1.50369247727152 
67 0.95235287373699 0.0190531509628304 1.61012019816519 -0.0117015341296989 -0.98376692327454 26.0549785089853 -3.0880061120302 -1.61174762315579 1.59896583655925 
68 1.02648899485687 0.0207844522967307 1.59942893907773 -0.0491521968263417 -0.979089673395522 26.2201552179851 -3.13341437955316 -1.69135522835224 1.49522423936686 
69 0.973606649775561 0.0194283586904929 1.59808608531672 -0.0110949931988363 -0.981869586436625 26.1113939586325 -3.13287839830156 -1.67299631048758 1.51261227325875 
70 0.975990861066721 0.0169352316507933 1.59280601306388 -0.032933302721313 -0.975642822471792 26.1075034063127 -3.10442662008031 -1.72944920268921 1.5282689005401 
71 0.983824539259448 0.0190188283976141 1.58445217120452 -0.0339856687318015 -0.99288117386186 25.9206919371778 -3.15622155305371 -1.64490914793056 1.58444786607767 
72 0.971866730264251 0.0232110820993157 1.60218341043536 -0.0349484653390643 -0.984511681068336 26.367188523463 -3.1137250803727 -1.44508136401336 1.67136163773628 
73 0.936343890568834 0.0200059682181501 1.60698381943941 -0.0151613530518127 -0.996480444864885 26.2873540333053 -3.15755710718279 -1.71578060744012 1.51096412273938 
74 0.960679292076033 0.0226561446343279 1.60694103432637 -0.029873997274537 -0.984151746555953 26.4540172437845 -3.05650194149799 -1.58990160736775 1.48486528912503 
75 0.986578037578134 0.0155140128575298 1.59385476974527 -0.0275808867903234 -0.997520758461382 26.3804336427409 -3.06718781112737 -1.68456388192488 1.46215989059268 
76 1.01586852019057 0.0213003458413007 1.61313261185696 -0.027416691634602 -0.984058625365503 26.2176241433635 -3.20849211853083 -1.73621779026469 1.48358207667342 
77 0.970006291825913 0.0180611876522886 1.59682780184435 -0.000241688995644609 -1.00667745397532 26.1181287525555 -3.11819594372154 -1.72015330335298 1.42759001586037 
78 0.965288591687223 0.0180382660405152 1.60743604827648 -0.0282051926303533 -0.984162395487951 26.1565934680407 -3.11567339966642 -1.79448685606867 1.38582932813953 
79 1.0491945058826 0.0147617537319169 1.59484633219032 -0.0492604792739363 -0.970856624169075 26.1246873952134 -3.0597435402749 -1.51057396858338 1.62624449454445 
80 0.981663975874729 0.0185099435112214 1.61090546376607 -0.0253696626449526 -0.986763418550094 26.4250477611632 -3.05489790429702 -1.69534472934174 1.47314576774634 
81 1.02559615996097 0.0202697487319278 1.58413516929985 -0.0184425542771439 -0.979693615887376 25.8837829868711 -3.11147858649508 -1.60256895095345 1.55636326258276 
82 0.988811560646463 0.0189417450479362 1.58911974753858 -0.0222161858475843 -0.982978379913609 26.169516338627 -3.0542183674595 -1.64740117950303 1.50857627257803 
83 0.984488276792351 0.0174220912599773 1.59252332288792 -0.0189670573801422 -1.00029541519409 26.0575717058622 -3.13200038871888 -1.55251630383239 1.62657314563429 
84 0.944333046442684 0.0233573071406297 1.59651189340754 -0.00989066016576394 -0.984724581147454 26.3241464707283 -3.15282887958813 -1.65233529392735 1.51155940696863 
85 0.998731415465988 0.0210962087474465 1.60212731534235 -0.051749732930502 -0.973458143067497 26.0615055567618 -3.07100419990626 -1.69882440738199 1.49976063070068 
86 0.999838868551231 0.0191208994365758 1.60598623868416 -0.0122197747915036 -0.998772467104459 26.3648629791482 -3.14816751580835 -1.77158581895044 1.42103634953498 
87 0.976971631699253 0.0173045845735641 1.6030270282188 0.00763412997448258 -1.00704050786659 26.2119680222035 -3.0644216340385 -1.7912850849093 1.41582315105745 
88 0.980631264856146 0.020172291271658 1.59353440031552 -0.0312682778097467 -0.980253716900775 26.3474048403653 -3.14274324014978 -1.70172922517248 1.4868316018106 
89 1.00376849285182 0.0158379414446398 1.59402131509519 -0.0336101518649649 -0.976626801245489 25.762838260218 -3.10250255591943 -1.78369345691014 1.42940811749065 
90 0.896658461624817 0.020903499298843 1.60004199799385 -0.00537434698258945 -0.992574646706787 26.0196352101777 -3.14029683165187 -1.71663139091713 1.46594563488034 
91 1.00681976583818 0.0196198041013795 1.61672138130192 0.0253686002076644 -0.980996643057976 26.3483899830496 -3.09402554024495 -1.711222645816 1.49698842205531 
92 1.00232226921866 0.020297472687397 1.58856642164535 -0.026206041618642 -0.980640825022706 26.1607617604588 -3.23492514975854 -1.73598110956378 1.55759602822744 
93 0.983679976246065 0.0194107675529193 1.6055891247514 -0.0343532365720179 -1.00262337977291 26.4085558950563 -3.10023263735238 -1.69742948225882 1.53261986405553 
94 0.969831636192523 0.020992494777771 1.58765437893887 -0.0309076911216426 -0.991957649109106 25.9876314472966 -3.13279521682497 -1.85928684559202 1.38235724214042 
95 1.01626233429427 0.0167242061392393 1.58545749709401 -0.0230425773287848 -0.978251659154395 25.7316153236048 -3.08106348956206 -1.81436400029028 1.38319664643179 
96 0.999334418206656 0.0188678865812478 1.60665795687429 -0.0487875623890924 -0.999846792210598 26.1270855429962 -3.08650927510459 -1.53768603902185 1.50253150956908 
97 1.04933157224177 0.0137542012539822 1.58140581160275 -0.0241325299937109 -0.987420447826823 25.5997401904022 -3.12183951298925 -1.73050759614199 1.53752299538944 
98 0.981974175252383 0.0215004553646334 1.58083771922313 -0.0184346647155036 -0.985334583694685 26.0694024262816 -3.10950992837333 -1.56311118760892 1.56179915095041 
99 0.975251067395892 0.0208885885189978 1.59502491829854 -0.00675886192693971 -0.974859695936379 25.8850027166594 -3.10243666532834 -1.41996453778655 1.61179484369884 
