# A_lens r_tensor beta_d epsilon_ds alpha_d_bb amp_d_bb beta_s alpha_s_bb amp_s_bb 
0 0.968885708142788 0.0024658572885891 1.53702453043952 0.0145535860704451 -0.18916530447553 28.6085534441361 -2.97480423946229 -1.55954511995726 1.25513155765687 
1 0.969037357923158 0.00402725790420029 1.53782049859389 -0.00149419638963716 -0.197380836028976 28.8119623941701 -2.98673714430645 -1.34983211704972 1.37647006926562 
2 1.00936521688954 0.000291234594171691 1.54783321708883 0.0184469635951423 -0.198651757832434 28.9351359981452 -2.98924870841032 -1.41984965955373 1.37006510348746 
3 1.03772809027228 -0.00241055447312946 1.54331967534525 0.0269666682261723 -0.181824197110953 28.479351702697 -3.05379258474183 -1.570171278965 1.32323670122828 
4 0.987179181864761 0.00227569365987923 1.53858781288772 0.039649279454776 -0.194748518909281 28.5405241478743 -3.048960429242 -1.43314513090807 1.39555196628657 
5 0.967323241207339 0.000751382101839568 1.53637182501993 -0.00577452006890318 -0.193410709369927 28.6293805164284 -3.02730217581387 -1.46098271002483 1.3147299918773 
6 0.968109724385907 -0.00140957315434751 1.52166851546928 -0.0178698870748384 -0.190440480998116 28.4209712069209 -2.92561530540235 -1.50440040449062 1.29369022522182 
7 0.999539868916744 0.00242217648545115 1.53664188495862 0.0137998679763232 -0.195646784529362 28.6027403562219 -3.03210057424487 -1.48168756780055 1.36146347006966 
8 1.00435657444173 -0.00206483155192051 1.53936237187467 0.0317378862267704 -0.178785833798298 28.6490806175558 -3.01624486736385 -1.35433300129564 1.37511708889454 
9 0.97037490855891 -0.000452220267976464 1.5352321316885 0.0316080155314264 -0.198079322999551 28.732871738118 -3.0232960075243 -1.41095145020971 1.36501017790816 
10 1.0373447634597 -0.00488097395992205 1.54753011807845 0.0104290551958284 -0.195707341865623 28.8131209883965 -3.064950778056 -1.22435273242191 1.58571365097069 
11 1.00444611505472 -0.00207407870586182 1.54626174717181 0.00341359994157299 -0.176034903859926 28.6288805254993 -2.95566049469596 -1.44405493559609 1.34937109106628 
12 1.00335372169034 -2.23889273173501e-05 1.54002455127483 0.00354898441443499 -0.190607944193559 28.5705327695967 -2.94800625850312 -1.4474921929314 1.28457414989354 
13 1.00677354736563 -6.96789543810292e-05 1.53320385592744 -0.00807350597045415 -0.196673819559038 28.6244117191351 -2.95208959579831 -1.51607222710125 1.20232121673717 
14 1.03996118229216 -0.00279249209949846 1.53665168014858 -0.0162027066569228 -0.170858891332687 28.1543810875043 -3.06737407476524 -1.22370299661103 1.5715251982179 
15 0.995237012841142 0.00102462470035271 1.54224900162189 0.0033827131376412 -0.181162835331906 28.5393775266194 -2.95974135796805 -1.65778575210841 1.23078086255285 
16 1.02591059601474 -0.000587191545050068 1.53568152242931 0.0111648392872475 -0.188323078575452 28.6874119243107 -2.91933793959205 -1.46896484842094 1.26203911960385 
17 0.974431423655543 0.00441984682779527 1.53493162086213 0.0165155271755355 -0.187343852070349 28.5426013321827 -2.93360330295506 -1.51674769650423 1.24091740687197 
18 0.991077349607275 -0.00158622613617739 1.53648897542928 -0.00656019534571036 -0.192627781143499 28.5352040218487 -3.08106499017802 -1.4847091470863 1.36681685391478 
19 1.06997781259121 -0.00586912020682938 1.53101796204734 0.0140633416928914 -0.191885582704425 28.240930315843 -2.96479612367043 -1.44577721013853 1.35264360289712 
20 0.986844492153484 0.00141355223535869 1.55272240006956 0.0380619778035129 -0.203531268802281 29.1972544271533 -2.97788241385029 -1.61896871078829 1.23217661385595 
21 1.02490234170432 0.000942335529019831 1.54167391347568 0.00694906339197505 -0.178549607177885 28.4229852776131 -3.05238707566836 -1.42170850310982 1.39965821773137 
22 0.995113446483711 0.000155058137703315 1.53896653663885 0.00524002628956844 -0.191109993874759 28.5787593612846 -2.98593010349196 -1.37864103535944 1.34972694271605 
23 1.06266131391517 -0.00128747266269401 1.54245769805524 0.00967372180010762 -0.18178945630752 28.5850667432093 -2.97287090792377 -1.70015775082302 1.18336067100528 
24 1.01332773047118 0.000382591601446825 1.54224657171429 0.0317109640829557 -0.170905522995233 28.434242489693 -3.00348341666121 -1.51774554876121 1.29859495237492 
25 1.02399580693196 -0.000441690182171897 1.5378866351889 0.0148840335158213 -0.196922013515804 28.8539287802628 -3.087937835372 -1.31144218284045 1.47466536277478 
26 1.00688996448487 0.00143576628681006 1.54440691190963 -0.00175270195665979 -0.190002349073231 28.68991932747 -2.95796099167335 -1.259168301839 1.45180567063107 
27 1.01598337042577 -0.002521027237215 1.54073349753293 0.0263172127659067 -0.188813832849143 28.5148165003811 -2.96803437308108 -1.5147879578437 1.28819787920827 
28 1.01573043008785 -0.0022379896719468 1.54007072924127 0.00568410027455362 -0.189762955783079 28.5789966748002 -3.0394834259581 -1.387450848081 1.38644787715802 
29 1.02800812560333 -0.00097326161898014 1.53858560816944 -0.0108477716526115 -0.193297016347823 28.60610723795 -3.01882592756706 -1.42530990510174 1.35616716737395 
30 1.02408636970011 -0.00149768963741981 1.53243882780234 0.0154166227494165 -0.185839384448707 28.6386543843194 -3.01694704282806 -1.58622107590278 1.28090647183587 
31 1.0411933017392 -0.00395290533996623 1.5441823212194 0.0147663541623051 -0.220707766564503 29.2325356798026 -3.04421936580314 -1.49649777894555 1.31272755903414 
32 0.980915399682989 0.000375910513249543 1.53918274786987 0.025330157306171 -0.194578893710099 28.6530338246822 -2.94664716369978 -1.32469173430891 1.39571306941547 
33 0.957844071673871 0.000885743583918024 1.55147216274919 0.0460310578784241 -0.204693669155835 28.8960025856189 -3.00650649911417 -1.43756364387265 1.36315605869393 
34 1.00737012381045 -0.000271892542698224 1.5452857217669 0.0483568041548764 -0.197941329581995 29.0978362075194 -2.98303600763943 -1.50140765967849 1.29749276684737 
35 1.00971748624677 0.00401439953534419 1.53220601927574 0.0244689899996594 -0.202426457498332 28.9096703022177 -3.01649173877 -1.4178060085475 1.31379496407019 
36 0.963011854993882 -0.000216678380120596 1.5404968857821 0.0101337826968385 -0.18992029075409 28.6987960016684 -3.03107618870761 -1.5326477206416 1.36274297540044 
37 1.01244127351284 -0.00212636475905325 1.54792237178025 0.00136732249569232 -0.191129944683331 28.7123636819853 -2.95921238992303 -1.52852074262662 1.28673290629725 
38 1.01974752536889 1.75807950531885e-05 1.53734660648405 0.0160098367589461 -0.202230541483973 28.6045254682794 -2.91760023878726 -1.52034144220841 1.20369334282976 
39 1.02865341852765 0.00144087540326701 1.54048900038104 -0.00306039747694763 -0.195123247595349 28.5927514942867 -3.01061806081663 -1.39620083843245 1.38402092887586 
40 0.992374292734271 -0.000903944715434629 1.5404585225283 0.0137221847261495 -0.19253755465563 28.5293689682099 -2.95689425869776 -1.39489692799639 1.30943265319739 
41 0.993110425144146 0.00104702920589847 1.52373638562958 -0.0166525580498014 -0.183064804944072 27.9703945155985 -3.02378251674021 -1.40936004584305 1.40373398133656 
42 0.98524782958826 -0.000528380168974053 1.53600601029148 0.0118164906836173 -0.214547854602005 29.0387412561969 -3.0252858318605 -1.47666601516125 1.35399089946872 
43 0.977280983773551 0.00075181191501635 1.53835554644514 0.0196566253940735 -0.174301621304228 28.4190512175838 -2.96305610327818 -1.59398835299717 1.22875823674415 
44 1.0099490839713 0.000580977329865681 1.54143121083868 0.0149134708212764 -0.209067539839452 28.9860976829995 -3.01903822485717 -1.53089204483956 1.35928336701855 
45 0.993091990208426 -0.000815351213526985 1.54443647414581 0.00618486643356155 -0.191498694146762 28.8378219007838 -3.09115836192992 -1.62756718308107 1.30957044300991 
46 1.00050262243076 -0.000936160735746623 1.52455961227493 -0.00847649305560035 -0.191025330833059 28.6485223010673 -3.07186671451453 -1.68906238887557 1.23204745893873 
47 0.973271072131033 0.00029510063984569 1.54525239297603 0.00308208552461086 -0.18185920531752 28.5776609293503 -3.07449514522582 -1.52466737871645 1.33499266174556 
48 0.993005964274911 3.51765710314255e-05 1.52920720469211 0.00667652346611684 -0.194535312826929 28.6466544934009 -3.02337158462648 -1.68309556242926 1.20906874981267 
49 0.937472510352049 0.00155248338545158 1.53375526022751 -0.000878073473729352 -0.184578273122898 28.2297168757783 -3.00950585093072 -1.49795931912407 1.33156701067888 
50 1.00831418414901 -0.000721440442365074 1.53871795787578 -0.0103225268132796 -0.176416487425893 28.2620051726281 -3.02005892820152 -1.37344197671307 1.45384811371974 
51 0.995130575464099 0.000755830778826654 1.55754306880781 -0.0204852709149129 -0.195413266365456 29.0598469439481 -2.95626172977625 -1.53671895943266 1.28004755790164 
52 0.998962389592326 -0.00112768978220237 1.5269313126886 0.0190595824861829 -0.180064076588964 28.0819643940099 -2.97312927145784 -1.65471528021612 1.21657573786525 
53 0.977053379600191 0.000158518200779247 1.53587324475294 -0.00135851236759892 -0.177421786476326 28.505106262969 -2.996776629606 -1.47216042250538 1.31889484243903 
54 0.941086238161277 0.00183690497615645 1.53883811788362 0.0565452849783757 -0.192237472003578 28.5120467328239 -3.03044976632424 -1.57780825434232 1.27075717976071 
55 0.944453790500735 0.00224730741955236 1.53777990373045 0.00815337240193047 -0.194054590313332 28.5564504225032 -2.98599365544225 -1.31639082913727 1.39895369299073 
56 1.0053116694987 0.00106267406720791 1.54993819520864 0.0209090073512595 -0.182476860175421 29.0595398306919 -2.95868352594832 -1.32072336727391 1.33050062960194 
57 0.960061946472455 -0.000584904007354473 1.53381164429255 0.0228569630039465 -0.186869116878166 28.4094141459668 -3.00692715811364 -1.39357878169442 1.36834203898574 
58 1.04111713342892 -0.000976734266733756 1.53797306591369 0.0158699109178197 -0.185701429601109 28.5232956625903 -3.07384566424261 -1.49640983596447 1.3071882219632 
59 1.02648014669428 -0.00111210585062973 1.53472004045887 0.00150153500760672 -0.20519000890509 28.9121709713057 -2.98586367786495 -1.47581614221017 1.27001056367514 
60 1.00369441583138 -0.0023522200777998 1.54260965629724 -0.0129129437339732 -0.194699259609663 28.6002015216467 -2.95111317206524 -1.41058850699085 1.37567668041854 
61 0.995001363833237 -0.001313207841627 1.53508286568427 0.0027963309592487 -0.185485599772669 28.39252156575 -2.98738608761659 -1.40079802039487 1.4005042199783 
62 0.953468820223089 0.00205223716504415 1.543296318008 0.0227083790302665 -0.194363755466686 28.8179281942681 -3.05461172429776 -1.38129911363428 1.47749499172361 
63 0.975636574924266 0.000283043232494239 1.53141434290484 -0.0297886261506438 -0.190101891097144 28.3916492953554 -3.06676164960492 -1.53552362154174 1.38965967707877 
64 1.01701940160491 -0.00227058465194728 1.54133473291699 0.0245843761885657 -0.198801174077888 28.8250145131562 -3.01141446016681 -1.49097669923888 1.32314361882365 
65 1.00203560005322 -0.00129787094979361 1.54503035143181 0.02812438112151 -0.184825543671336 28.8311962744631 -3.00782978486653 -1.41258504652896 1.4137788111037 
66 1.00720087837111 -0.00181907250130237 1.55509078472912 0.0285584871113539 -0.199093014272366 29.254846414501 -3.01642048331061 -1.49912578947268 1.37068720684422 
67 0.97368695402078 0.00118278470298179 1.55353793008077 0.0376412275034722 -0.199137303392305 28.9551517261075 -2.94610367365168 -1.4444455696289 1.2762276883225 
68 1.03538136174199 0.00104696971655224 1.5353684523173 0.00536428578132756 -0.188857846676139 28.6405235205267 -3.00770758864466 -1.37241691848861 1.42506198367638 
69 1.00006933784537 -0.000951326866294488 1.53941265004412 0.0115396358388632 -0.179901314947795 28.3117327332784 -3.01165300707724 -1.38055789768097 1.4159159406231 
70 0.989710407257942 -0.000488358929425016 1.53753233861942 0.0204627928315962 -0.179055826042901 28.4165903498401 -3.02531981476898 -1.45877287361382 1.38376178009357 
71 1.00747951591468 -0.000892149761724879 1.54146385627481 -0.00706964070852076 -0.212472212316867 28.8636124430138 -3.06044651242506 -1.41112812190512 1.42297302542247 
72 0.999504475344628 0.00166179311585173 1.5416159923948 -0.0255958423604825 -0.20127344404381 28.807336297739 -3.00742527866834 -1.33240276574937 1.37974543001937 
73 0.965835037822395 -0.000295950799919135 1.54022960225903 -0.0149075626803159 -0.195271873769294 28.5503510801064 -3.00204366380931 -1.51144055735756 1.31241639273092 
74 0.965060109313049 0.00482777700994584 1.54691001542559 0.024367483022689 -0.198433153464231 28.9983385023708 -2.93993248126281 -1.45369989588536 1.32962974898037 
75 0.999965507977683 -0.00208089424217516 1.53964797330697 0.0169148678888523 -0.206105376927441 29.2221188094772 -3.00152594254919 -1.53000528573035 1.36596859470285 
76 1.03432845953274 0.000756181022814647 1.54292724235098 0.0355748102414957 -0.19760030989895 28.9229055426057 -3.04665553780665 -1.53156658167865 1.31441150476328 
77 0.994126568130727 -0.00273071178862168 1.55059812959949 0.00686527724112098 -0.197290366475444 29.0142382046128 -3.00760627846444 -1.40232330006446 1.32279276842626 
78 0.978497621761773 -0.00213422554380625 1.53768892551412 0.0211602556660674 -0.186008281411798 28.4851011894332 -2.98851796529506 -1.44767807508985 1.34869964844549 
79 1.06936257421703 -0.00273330518414094 1.54454410110283 0.000151004853357302 -0.191501543878847 28.7285963417712 -2.99149342197517 -1.53823534593115 1.33171721160122 
80 1.01377642511382 -0.00105771073196601 1.53858189419779 -0.00408094727031733 -0.206679059901237 28.9589297289093 -2.92957803926867 -1.70209282547323 1.09956915735183 
81 1.05630920056516 -0.00214775723363757 1.53814296197838 0.00914424219972271 -0.196249026725059 28.7683307104248 -2.99548746630815 -1.12770656077286 1.50472477671251 
82 1.0107717407456 -0.000307969424059189 1.54142115214101 0.0127475746643722 -0.192746720928267 28.8815233768338 -3.04394300564993 -1.5191402991941 1.42235746179095 
83 0.983478900044031 -0.000938820388175692 1.54203287828246 0.0142260185782 -0.175881490217854 28.4790487039541 -3.04255819047162 -1.48595299613187 1.39248257932695 
84 0.96294785715494 0.00181562441862965 1.5387304377453 0.0132315703858492 -0.177683308281475 28.5381128415798 -2.96425349966077 -1.5993462313869 1.16371279689713 
85 1.02868696122251 0.00124326404520604 1.54537742142976 0.0119057069514969 -0.203702717176192 28.9007771400759 -2.99216341094466 -1.50443596261833 1.2874627348239 
86 1.02538749502204 -0.00257920732078227 1.53601060733561 0.0245048302941852 -0.217525580127193 29.0352147260799 -3.03979689167297 -1.59920019710738 1.27468953430413 
87 0.987666105086823 -0.000663183555348307 1.53193724606701 0.0346097214447072 -0.197125879926627 28.6030356721653 -3.01356115817674 -1.66097836369592 1.23077105623976 
88 0.999536167233449 -0.000464704230889783 1.53097679546286 0.0148975452098616 -0.195901915950174 28.5199286185816 -2.96446880068391 -1.47798974045388 1.24356329666684 
89 1.01699788904881 -0.000816842388765993 1.5476154948706 -0.0342579937511271 -0.19112192068295 28.5835893601411 -3.0404007312753 -1.5721165259636 1.27196231956141 
90 0.930478514176687 0.000865127897851231 1.54467893832939 0.0390341443738384 -0.200637464233793 28.7864334851816 -2.94106435794909 -1.57984278782652 1.1934933784086 
91 1.01903020534184 0.00111234364551208 1.54692669947706 0.0359378932185635 -0.189107474998176 28.9630786828905 -3.04090172777893 -1.51537535266781 1.34411711481215 
92 1.01952536524093 0.00220120267653373 1.5381133112091 0.0101736179078037 -0.179488248168072 28.4409977785291 -2.98412242439914 -1.52141577230284 1.23591622445 
93 1.0043838227444 0.00111131304272953 1.54809230498976 0.00373954995763246 -0.196574819324337 28.9791168510661 -2.93485726054369 -1.45922829605498 1.35817555830994 
94 0.986634612215277 0.00245240720882049 1.53397296883755 0.00398550701910427 -0.200413937884336 28.7351191806615 -2.97628433375829 -1.78152138310021 1.11670902712797 
95 1.04560580066396 -0.00489151541604332 1.53712487377753 -0.0226620803295148 -0.20459916020243 28.8447005303208 -3.00363433869715 -1.59054981257354 1.28071137726583 
96 1.01593966122155 0.00118296568544805 1.55260156809227 -0.00316797874614915 -0.197969059934304 28.9264464813218 -2.95735309044768 -1.385952999602 1.35162006754296 
97 1.06173865097863 -0.00517709807726255 1.54815272587495 -0.0140391601968297 -0.18570496773799 28.5402036214032 -3.00063597118399 -1.28992980974666 1.44991712837428 
98 1.00282159369629 -0.000451807598733023 1.5436081519305 0.0112734992255084 -0.198960371470221 29.0351635466555 -2.95777371857506 -1.53854958711487 1.23727027930042 
99 1.00193512915752 -0.00094727829835655 1.5405071285126 0.0213706047123776 -0.176996867101997 28.580375790866 -2.95278932535102 -1.41065785610643 1.38321974992556 
