# A_lens r_tensor beta_d epsilon_ds alpha_d_bb amp_d_bb beta_s alpha_s_bb amp_s_bb 
0 0.969997163693778 0.00442204611824661 1.55781672747274 0.0105735461883519 -0.194674729975129 28.2935169591359 -2.9944037350052 -1.57230424908302 1.25051886822567 
1 0.967842467065394 0.0060837119565033 1.55914926548286 0.00398982430084457 -0.200959035584446 28.4587682333459 -3.00723313903306 -1.36483709135742 1.37437967507234 
2 1.00418813824111 0.00307966993284481 1.56868956895887 0.0164091846869958 -0.204864724054096 28.6695733662582 -3.00674982586158 -1.41814270672366 1.36928606657102 
3 1.03193737430742 -0.000650664802637997 1.56366675377594 0.0286468913660686 -0.18670074232705 28.1746652555394 -3.07554695646971 -1.58767092981935 1.32494635193473 
4 0.983552197930755 0.00464707738348169 1.55933439798304 0.0403903044894494 -0.202190739719995 28.2695701726753 -3.0673349702872 -1.44781328081367 1.39035079782666 
5 0.965444342517737 0.00379599367768757 1.557005958947 -0.00307090923524919 -0.204141632370365 28.4565057411418 -3.05109805015424 -1.45554036118145 1.32841397618679 
6 0.965180201396658 0.000507846131844189 1.54160506758255 -0.0156841975721851 -0.196901493252079 28.1157519405227 -2.94928261353893 -1.5129914374194 1.30472302765092 
7 0.989111774117012 0.00504071379641647 1.55618844285008 0.00910525747579831 -0.201195318373427 28.2814553391056 -3.05321871779488 -1.48297030047269 1.36770122710045 
8 1.00103572765227 1.77672104253737e-06 1.56136978308512 0.0348057314823354 -0.183141732983201 28.343072110834 -3.03232309885225 -1.38562023908374 1.37017816095855 
9 0.967011326241982 0.00143881584991824 1.55589825379868 0.0310101895607015 -0.205904589684847 28.4951617232149 -3.04048711939915 -1.4066900579891 1.3752851893236 
10 1.03653079354783 -0.00242333814723026 1.56809103495663 0.00967386821555898 -0.201545497929402 28.47988350499 -3.08043391322377 -1.23232135010398 1.57948176897041 
11 1.00353646604126 0.000193535916249279 1.56700030988679 0.00562284000030607 -0.186807260520381 28.4200469651051 -2.97138669957807 -1.45418062471297 1.34503597967467 
12 1.00012281599498 0.0022059406616515 1.56119318320593 0.00834899695956046 -0.201086576966422 28.3688005765791 -2.96708373999954 -1.45473425691913 1.29651418601443 
13 1.00387815191244 0.00172474278397385 1.55335860610629 -0.0113714766973705 -0.202464738789125 28.3055230330824 -2.97073625501773 -1.53488902352816 1.198512514047 
14 1.03621809696188 -0.000466365025600173 1.55811031677665 -0.015264538138873 -0.176213640244116 27.8301566061038 -3.08527233777436 -1.22921351710864 1.57514042113849 
15 0.989163586343441 0.00347052003659594 1.56272957563974 0.00555931028998115 -0.191394077793056 28.3485310020126 -2.97689906225746 -1.65794120180782 1.2365170609647 
16 1.02208593690756 0.00164041455122252 1.55607564150841 0.0102681784371654 -0.193630903711079 28.3687612252423 -2.94033299268284 -1.48017535494042 1.26705024635074 
17 0.968020023538094 0.00674324236597164 1.55593103241927 0.0165325448804921 -0.194664955774817 28.3057066476481 -2.94904556833219 -1.51191683926745 1.24877369891049 
18 0.986661138457779 0.00153346672235496 1.55721811757856 -0.0121798369836921 -0.200573469852738 28.3015894104548 -3.11114151301999 -1.46954972239251 1.37852248973348 
19 1.06613815063149 -0.00329065874041732 1.55111467370123 0.0139555643742927 -0.200085556119722 27.9969264290366 -2.98495793951703 -1.46229765320596 1.35043350285121 
20 0.984232430943922 0.00333016381763961 1.57385487468238 0.0409047495861066 -0.208094219593386 28.8722067467363 -2.99428514514786 -1.62783868357418 1.22736637422336 
21 1.02366201605985 0.0029452953780139 1.56379991007839 0.00381725126640044 -0.186759160265743 28.1935100074737 -3.06886444769163 -1.43029864059993 1.39993856990743 
22 0.992708470478202 0.00247668528340519 1.55982755482596 0.00739799068501639 -0.195799056346948 28.2646236116121 -3.00399763928082 -1.39547489206897 1.35347783592481 
23 1.06100241761421 0.000778402507754663 1.56375363187221 0.00914302256362214 -0.189387065910201 28.3132572442212 -2.99659898655713 -1.70748938881314 1.19000949215287 
24 1.00892868151728 0.00247403319945168 1.56291949311759 0.0343922302905086 -0.177610570807678 28.164988908466 -3.02637089730128 -1.52286452917018 1.30095571480799 
25 1.02064727502104 0.00185581513540062 1.5588717128688 0.0151894054988055 -0.204851181895792 28.6539028311066 -3.1085590881505 -1.31486688119826 1.47911047564834 
26 1.00424223002929 0.00350494984225418 1.56540243097519 -0.00502570598289195 -0.1965336171901 28.391587731883 -2.9736408387692 -1.25997266439034 1.45309833562056 
27 1.01574036498219 -0.00127897134132605 1.5608660558936 0.0254974241284388 -0.194128027287703 28.1771402701507 -2.98381523174329 -1.4993224006121 1.30044796355494 
28 1.01056181629957 0.000940558677312853 1.56024943668199 0.00766716776708736 -0.196353019206011 28.3087269857571 -3.06425354082323 -1.36430631158447 1.40493285170986 
29 1.02602932756888 0.00210828927426738 1.55876761726076 -0.0115091703187708 -0.199913841047927 28.3146183063735 -3.04863097297748 -1.45397736421267 1.34727026806007 
30 1.01723672209832 0.00119967860247317 1.55369285783522 0.0125591354406346 -0.193133277445505 28.3556879613724 -3.04212775474325 -1.59980728146409 1.28038760122991 
31 1.04210499268324 -0.00196640590091011 1.56503962353835 0.0161229663283266 -0.222131993404547 28.8109896958382 -3.06967315963208 -1.51326445360569 1.31577096452923 
32 0.981566512382115 0.0017181810296726 1.55978614566285 0.0273063532682605 -0.199853148419303 28.3361407126989 -2.96076345214049 -1.32316139142546 1.40293676167337 
33 0.956541206189755 0.00287348570378475 1.57172622000717 0.0485982139611619 -0.210667586790301 28.621351231777 -3.02356336022185 -1.44479744671121 1.35467401513543 
34 1.0109358557998 0.000213199396092807 1.56553764518094 0.0486328299605278 -0.204025907453189 28.7829209659859 -2.98857845670515 -1.51004829625039 1.29307771431678 
35 1.00792763738765 0.00561429949480322 1.55183406148413 0.0256086423144074 -0.2076339921121 28.5521216135554 -3.03261437819136 -1.44050918776952 1.30824034779826 
36 0.959050916194679 0.00267534508405651 1.5619021412331 0.0102714269364732 -0.201053234181891 28.5524069231824 -3.05690724852339 -1.53517913274313 1.37290113203175 
37 1.00872328596803 0.000649985962909359 1.57015898823099 0.00706162001046475 -0.194817444031271 28.3871214704123 -2.97432725560574 -1.54432124579563 1.28006820226452 
38 1.01951411075569 0.00237947502200794 1.55677490035076 0.0187842690627675 -0.20763551873524 28.3040618604519 -2.93269253189001 -1.54412196919912 1.19064265136408 
39 1.02832020661942 0.00366884512517882 1.56101502513579 -0.00257495940372394 -0.199643383076228 28.2407014116304 -3.03170387769357 -1.40496256201781 1.38616555428686 
40 0.99047150130825 0.000960376186968318 1.56094264097074 0.0171013450159026 -0.194959718595235 28.1898239299567 -2.97780423469447 -1.3790105051784 1.32086838467879 
41 0.99264698899849 0.0034184296409871 1.54482559059832 -0.0124373500972321 -0.191699114965626 27.7803483392347 -3.04464782592553 -1.42722921379972 1.40636762004462 
42 0.98027365806518 0.00173260852194289 1.55608077240498 0.0109552764389755 -0.218315166588387 28.705526865016 -3.04626561137675 -1.47539507738665 1.35575826646233 
43 0.973275491490553 0.00372702891387367 1.5589168624061 0.0188972134091314 -0.182915206557619 28.1560422306339 -2.98558278635897 -1.57301868497839 1.24734940012341 
44 1.00824831251423 0.00298342491553679 1.56317128345724 0.0174485794478522 -0.215045498421636 28.7005281474951 -3.03757821669271 -1.54436380281037 1.35106483977453 
45 0.987199305811595 0.00117699064498849 1.56485962478536 0.0059361322658323 -0.199589118386014 28.5742089710183 -3.11959510677406 -1.65280180159403 1.31020117080816 
46 0.997222845143881 0.00152586849341325 1.54490891869302 -0.0150394310006571 -0.196987396455216 28.3416067156672 -3.0945547156465 -1.7054384531674 1.23354398612146 
47 0.965990211506031 0.00326817284485354 1.5670660946148 0.00406465239747715 -0.187423500260862 28.2810791177686 -3.09174995308294 -1.53539443292313 1.32853304141472 
48 0.991823551611659 0.00189833939694216 1.54977081338357 0.00346891184568558 -0.199089844311878 28.2841367615698 -3.0412056402645 -1.70206142976163 1.20321189860258 
49 0.935196120998562 0.00363711238234035 1.55426640466283 -0.0015561812820911 -0.190947690987192 27.9149403546771 -3.02832612392571 -1.51298756664529 1.33124314137759 
50 1.0066014418915 0.00108563148608113 1.55975822469074 -0.00725184898446766 -0.186558108975787 28.0775076894395 -3.03611863143228 -1.3832348529959 1.44606809375755 
51 0.99530737889177 0.00323742092268866 1.58022908139809 -0.0213281864642847 -0.199838468889978 28.750212474065 -2.98118152291888 -1.57050550832592 1.27399141817868 
52 0.993658368459059 0.000855518847581748 1.54664127265715 0.0193801866613968 -0.187108540242127 27.8031972196486 -2.98991486897523 -1.665762614686 1.21161194453454 
53 0.9756071983025 0.0027306870027659 1.55682429031723 -0.00572294577778539 -0.181635510542749 28.1608086390421 -3.01559602777306 -1.50427169563616 1.31537033488918 
54 0.937031665944237 0.00428845806154112 1.55892848244905 0.0576407283692829 -0.198676406951072 28.2140233067138 -3.04648785878829 -1.58412459091696 1.26784261986778 
55 0.943014592127352 0.0034684687502725 1.55922948705718 0.00974122905936241 -0.200645043573663 28.2983020883299 -3.0050019490531 -1.32223869721571 1.4003885175183 
56 1.00864765998457 0.00278293772630334 1.57096573531897 0.021358894471985 -0.183971093316091 28.6542220171505 -2.97712350151629 -1.33900922094854 1.34177835312413 
57 0.958341387235542 0.00179190686494769 1.55497525454521 0.0261137822530326 -0.197937375964682 28.2510718969971 -3.02377893444281 -1.39904260572789 1.37061523326094 
58 1.03148840689183 0.00164412912774327 1.55926256512248 0.0175499705737742 -0.190334221370266 28.2153875557842 -3.10069234875963 -1.51042646126588 1.30930760839754 
59 1.02498323066347 0.000549854703982206 1.55423331718723 0.00289523297654576 -0.214961036540626 28.6692570338601 -3.00380269458287 -1.47557584805071 1.27494415676441 
60 1.00554779015651 -0.000673298033274261 1.56345204405467 -0.00946715594016574 -0.197231861830429 28.23193162469 -2.9737365170585 -1.40373021216079 1.39301142358049 
61 0.990318194076505 0.00102694545555576 1.55531076097901 0.00374847790713134 -0.191213786673938 28.0606061858828 -3.00617709672168 -1.37435892813381 1.41488072263627 
62 0.947248394046645 0.00410542946606695 1.56507630799196 0.0220171673660811 -0.19781108078289 28.4639988156717 -3.07471226170439 -1.39422462205835 1.47964185138553 
63 0.979602410147493 0.00121697374048337 1.55151797455857 -0.0304243068165789 -0.196787936431752 28.115014661299 -3.08686432213051 -1.53567548737027 1.390914463053 
64 1.01965274936853 -0.000292327079850016 1.56214364694689 0.0276677853762396 -0.208113830865518 28.6103218482425 -3.02901082371233 -1.50330665796104 1.32318170096544 
65 0.995450960732834 0.000146534928154416 1.5654024384424 0.0255313990953209 -0.189936186712165 28.5007188359854 -3.02673784190437 -1.40095624581322 1.42191516069968 
66 1.00290334113854 0.000698042581377829 1.57683501769102 0.0312197618428178 -0.203153761523355 28.917264321168 -3.03734363088148 -1.49349728771267 1.37790632785845 
67 0.973870010037432 0.0033272822207827 1.57498399254957 0.0410100719315463 -0.205785465797119 28.6787640236992 -2.96739456272324 -1.45085892658741 1.27749197300577 
68 1.03808044518809 0.00246145878466954 1.5560858310983 0.00180166451899982 -0.193417171664398 28.3335387268816 -3.02561603915999 -1.40467354953946 1.41820882522751 
69 0.993198058220614 0.00232406377100819 1.55961123559189 0.0130456258239209 -0.189117915861356 28.1031099395207 -3.03190274769813 -1.38289694122183 1.424387061732 
70 0.985777745151988 0.00173681932431838 1.55876779050068 0.019115066647594 -0.185273883238382 28.1210624707424 -3.04404097118506 -1.46969419551457 1.37970094007219 
71 1.00771192041754 0.00187255758884082 1.56199086415027 -0.00529204793136202 -0.217768185156829 28.5055581449611 -3.08483519323122 -1.43742126858199 1.41937771685457 
72 0.995224223076085 0.00317967470502333 1.56345968425552 -0.0204445112401054 -0.20435397500654 28.4076455538311 -3.02200115257201 -1.32117010226943 1.39097911736743 
73 0.964480517337927 0.00179018944376964 1.5616796424782 -0.0139950348884166 -0.201307475760048 28.2748693538315 -3.02871173837434 -1.51025219306266 1.3190512074163 
74 0.965004963425651 0.00680408409840655 1.56752456297076 0.0248454581935893 -0.203986057701787 28.6625090684471 -2.95752485465996 -1.45206858548943 1.33863990174376 
75 1.00210345549011 -0.00120104551277316 1.55974494237388 0.015837529389152 -0.212716571093119 28.8949004229843 -3.02157192916149 -1.53216686693521 1.37544384488073 
76 1.0349344519582 0.00330303440943771 1.56370144077898 0.0300317942901284 -0.200585385722553 28.5627911426475 -3.07058823644674 -1.53436979948745 1.31541161440151 
77 0.988536835882541 0.000615224813264937 1.57242170529643 0.0135898129107341 -0.200926805527966 28.6777648113366 -3.02902946272389 -1.40988093102647 1.32321778552602 
78 0.978373133839739 -0.000819074626692399 1.55836384221855 0.0233092984934727 -0.194448036473727 28.2473982326678 -3.00299136643167 -1.4509180826492 1.35513227390808 
79 1.07229078318046 -0.000968636268463045 1.5656237034332 0.00543992604683037 -0.196147855356799 28.4000636237772 -3.01081750102076 -1.54537563490039 1.33764058865406 
80 1.01093202625248 0.00120212883448417 1.56025124950671 -0.00317715401393252 -0.211910473710997 28.6625505586851 -2.95361220055475 -1.68056866839874 1.11696184868846 
81 1.05023230458793 0.00109594351436741 1.55839250264144 0.00441569090739481 -0.200519178049361 28.3982610672011 -3.0247783164165 -1.15155925604544 1.50432770164817 
82 1.00719073780148 0.00187188955011429 1.56249364819067 0.0146860719654016 -0.198748747299375 28.5959279084145 -3.06243683077881 -1.53337204572801 1.42535325610927 
83 0.984401094531404 0.00176164937999336 1.56250024068707 0.0130255229763885 -0.182267962664798 28.2002024241423 -3.06556897705842 -1.4930394235617 1.38997279446564 
84 0.962616418306292 0.00355283068554452 1.55886858659832 0.0195773759293059 -0.18242110801495 28.1917880909071 -2.98034682619453 -1.60495969871627 1.16521876650594 
85 1.02861923073174 0.00337014080606773 1.56666869140983 0.0154436736998295 -0.211647346549009 28.6374579321351 -3.01336281351636 -1.51351130242618 1.29343251851231 
86 1.02174011146495 -0.000575672315199234 1.55559373994817 0.0261824055524283 -0.223380649090732 28.6865173494837 -3.0543332818685 -1.61701572873253 1.27032371669978 
87 0.984433192886684 0.0011248445723849 1.55243850585363 0.0298891638937575 -0.205306800798057 28.3809058520835 -3.03059385065242 -1.6804510130029 1.22661353638252 
88 0.993365744504781 0.00194262569111561 1.55092944986626 0.0194273120288044 -0.202038316018321 28.2182490183539 -2.98239571034473 -1.49977126614909 1.24596463299781 
89 1.01682691873306 0.000932357024850735 1.56956896778318 -0.0295203190582999 -0.192805475396808 28.1984265553026 -3.06084013987368 -1.55803207741889 1.27167705950656 
90 0.921440047732714 0.00369331859452847 1.56668656093389 0.0446184886492688 -0.211682570771128 28.5943354538213 -2.95495656672666 -1.5815173767098 1.19130787522161 
91 1.01661165729504 0.00223929012834699 1.56863892259054 0.0355637029735437 -0.197945058782295 28.7766188317516 -3.05809687493082 -1.51010793124863 1.35292010022949 
92 1.01412092461128 0.00470659327242484 1.55965834230455 0.0123631357956361 -0.182163129682004 28.0807737610101 -3.0076694739996 -1.53120645621596 1.2366064608188 
93 1.00128462691716 0.00335425328185039 1.56932828321467 0.00481450435213653 -0.204475416835125 28.7598748297802 -2.95322457925942 -1.46762022985877 1.35676284342619 
94 0.983647413394135 0.00470339765902027 1.55313045734483 0.00761709889635682 -0.208009680521575 28.4312300977596 -2.99593690064041 -1.79497427933248 1.11687848026844 
95 1.04106871156854 -0.00192098245369317 1.55748121182635 -0.0226996063876166 -0.209215079605271 28.5257453551563 -3.02530224034796 -1.60297419280162 1.27730367789778 
96 1.01225280147453 0.00334298505539623 1.57416724238068 -0.0022288102500072 -0.205641544374576 28.6462062978962 -2.97761419714263 -1.40433740351246 1.34695419367473 
97 1.05862407903274 -0.00260354560179034 1.56903195046477 -0.0123783776180662 -0.19018949782706 28.1813495642159 -3.02134739062172 -1.29603478174035 1.46209379652759 
98 1.00075735239339 0.00244558421275245 1.56384125163571 0.0135563541135678 -0.202674356744541 28.7163518617882 -2.98242884040111 -1.53686968147054 1.24439742063863 
99 1.0004887770553 0.00164037904421896 1.56132196296079 0.0194522255228262 -0.183322671018954 28.3197725311612 -2.97911163458347 -1.41323483976848 1.39663086298071 
