# A_lens r_tensor beta_d epsilon_ds alpha_d_bb amp_d_bb beta_s alpha_s_bb amp_s_bb 
0 0.957335138798432 0.0253582227690131 1.59637825340013 -0.0200942034558091 -0.984254489849287 26.1460610388895 -3.05463351157904 -1.6022312267572 1.50370195624844 
1 0.970277725430745 0.0323025614394382 1.59550635928863 -0.0195848605073209 -0.989074658717916 26.2588650591502 -3.1349481012315 -1.75108413242693 1.49363660386137 
2 1.00029476273674 0.0287945591982337 1.59783217440787 0.00254810326209924 -0.976943775433 26.0893328533884 -3.0687074971067 -1.66669290055401 1.52589074753103 
3 0.972089629283689 0.0276966148029139 1.59350391732069 -0.00598990176235196 -0.970881686125923 26.1282311996361 -3.03128245997089 -1.86854598846132 1.29277896239767 
4 1.00591336748346 0.0292060040231593 1.59894743006331 0.0118317775109104 -0.989929611176417 26.1978438757821 -3.08008103963507 -1.6240428150884 1.53008087207401 
5 1.03727662522484 0.033927542877378 1.61882642052336 -0.0125539895900785 -0.982460654796802 26.4098795825851 -3.11635923119911 -1.69653596038962 1.50979799639963 
6 0.992676919765252 0.0288298053653576 1.58548293047747 -0.0189049245528442 -0.985334081806174 26.148011164434 -3.11110559500434 -1.66514120373424 1.51270038048602 
7 1.0304214222684 0.0260332759142912 1.59029745393183 -0.0385857921869071 -0.985210008066363 25.9300685307685 -3.12946318327514 -1.5111870158103 1.65783269294158 
8 1.03361002255422 0.0249297595554715 1.58386182734339 0.00303497279145962 -0.983054944361613 26.0991163230769 -3.11526885470108 -1.62056973062327 1.56515338911827 
9 0.996787234263366 0.026898128728384 1.59450144336804 -0.000970152646533644 -0.964778107838289 26.0096314319007 -3.06830411914321 -1.68950472910787 1.42153789519192 
10 1.00255661157743 0.024970626691704 1.60222276155923 -0.0188961759804078 -0.960423849083653 26.2655983483223 -3.10983861831417 -1.52656567817181 1.6914071422659 
11 0.994647855483249 0.0267950967803502 1.59823303042308 -0.00787924061059125 -0.989155567230392 26.0605692737762 -3.08784192273666 -1.7478453817231 1.42670761623467 
12 0.978785143182987 0.0306119606246336 1.61440303459487 -0.0521586874300389 -0.991887491410188 26.3485361271492 -3.10015062708606 -1.65152629356934 1.60567935418761 
13 0.966350028233684 0.0284926478696162 1.59058272241632 -0.0263397032714252 -0.973897301307778 25.8743219467283 -3.06086652870742 -1.66981557151181 1.49004525928694 
14 1.01835569380555 0.0294185266732435 1.59045819664093 -0.0296293953324242 -0.972170106055409 25.9619342487642 -3.10120011716445 -1.48740360738356 1.71418535840407 
15 1.01683211000652 0.0306118370663104 1.5971196602924 -0.0271709102292824 -0.98960357067215 25.9475035510382 -3.06754725340543 -1.62160025231877 1.53919709771883 
16 0.997289328081614 0.0269231720573907 1.58532599678624 -0.0125785225337314 -0.968538027601243 25.9002721166682 -3.10497477230615 -1.71153033667279 1.52317469561221 
17 0.983969339210669 0.0267198394956178 1.61528299430096 -0.0281757973735123 -0.976843600610932 26.3585002222058 -3.01890285460194 -1.66928814094998 1.44894342808451 
18 1.04584421829507 0.0283458583793 1.58258659813344 -0.0562922023921608 -0.963383939822509 25.9681324819873 -3.17548399360874 -1.66759427854875 1.65998160300859 
19 1.04132080502052 0.0281881790135395 1.59241111250153 0.0110551703607102 -0.983945077104131 25.931557392924 -3.08298453030042 -1.63414645454167 1.5651518737783 
20 0.981003289981925 0.0314702321778776 1.59714856658634 -0.0177751722630871 -0.984160531422661 26.2275734571962 -3.08877982332477 -1.7644325808482 1.41650082803238 
21 1.02156714509398 0.0240760610959808 1.60312635238166 -0.0234112436076629 -0.984986494942383 26.1473371685338 -3.14303210874051 -1.69820360202828 1.51255318306781 
22 1.00120798351939 0.0278695671509675 1.58281161504826 -0.0129560348250263 -0.975634032998072 25.8041895365797 -3.06395424812039 -1.61869096773734 1.52017434357337 
23 1.01038983139194 0.0260747516550572 1.59116793481214 -0.0159245020009062 -0.979002553381407 26.0357059182024 -3.06027349146959 -1.77423686756364 1.39003731455254 
24 0.948868834494225 0.0320555730135131 1.60362405072891 0.00543652751661332 -0.967162311966055 25.9096577825418 -3.04980341299689 -1.67613361877702 1.48353857103946 
25 0.994886421211525 0.0327112165009612 1.59886950710811 -0.0210436291433682 -0.968270221890831 26.3031545754807 -3.13041092539884 -1.62640437816438 1.60272159082771 
26 0.976366822314793 0.0329354646593894 1.61711076959798 -0.020930651480145 -1.00307716971709 26.489876491436 -3.07824983070638 -1.6068038926394 1.57004164389883 
27 0.983814623652706 0.0301453149428102 1.59730114197667 -0.00485434333421681 -0.976097968025672 25.7133303937315 -3.0900524748327 -1.61240156972396 1.5538965641978 
28 0.932560745898945 0.0344864040374784 1.57967170561855 0.0010654623481089 -0.97910538807122 25.850172736355 -3.07979739890447 -1.67964255357945 1.40216706626985 
29 1.01605383754915 0.0268877176871689 1.60436607358842 -0.0647600121149297 -0.979452597211896 26.2048687739241 -3.21778496353878 -1.49568310694353 1.66577955451145 
30 0.969411349553347 0.0326767079529648 1.61395103680584 -0.0187369075939599 -0.979507025861349 26.2665425781816 -3.08513748359212 -1.79697919513172 1.41218092149603 
31 0.952824511169853 0.0257933292140097 1.58032080636311 -0.0343725588282271 -0.991979873627407 26.0908934275759 -3.11165625702984 -1.67402614207263 1.53549387421969 
32 1.02621603256885 0.0233260294912782 1.60059311742462 -0.0218695452287935 -0.99591747836288 26.1428740416435 -3.15189775856199 -1.50345493807481 1.67792425273306 
33 0.983831296980321 0.0283973557978277 1.58271075767943 0.0161783224700811 -0.981836138051529 25.92817979284 -3.14694477915506 -1.74827930285011 1.47003561764992 
34 0.980795085627592 0.0216024207916219 1.59229076781826 0.00168293470664987 -0.987730575308206 26.058020439955 -3.06554494351175 -1.55677367759226 1.54427555838384 
35 0.983275513876766 0.02797495987559 1.58481571614888 -0.00278707541387613 -0.980728546751542 26.0859418246972 -3.09100082919391 -1.59054963632813 1.54638135835074 
36 1.04423049274475 0.0256388186901032 1.60591692066398 -0.0264940534150253 -0.98142600655897 26.3869929426821 -3.07049779171893 -1.68063482678488 1.49196522310364 
37 0.973259693591292 0.0288348966343852 1.58435557184248 -0.0148382355282909 -0.99101773731716 25.8384960583157 -3.03031003127073 -1.64501230879539 1.52810524734733 
38 1.01696869001335 0.0287474597122807 1.59373249172903 -0.00907874540668713 -0.991450080320764 26.0018131792362 -3.16018450932872 -1.6549056864557 1.54718254589791 
39 0.99242141876022 0.0268751886362398 1.58394054475787 -0.0170533145981897 -0.964540514930223 25.865363656331 -3.08706037778366 -1.58744774312815 1.52622114128456 
40 0.953070320185779 0.0281073685682295 1.58771169780864 -0.000333668429792201 -0.981499678056539 26.0581990734512 -3.12506818803812 -1.67816282280885 1.54321036763682 
41 1.01005453592574 0.0256370022245483 1.59123387425911 -0.00141500611104659 -0.988812931418761 26.0936566895892 -3.0001243370866 -1.53331459433193 1.55606760116739 
42 1.00734336830761 0.0258928290657799 1.58648821161551 0.0121131788038237 -0.994364459357854 26.1573652085842 -3.07547279782378 -1.66754176719989 1.53429813510131 
43 0.969273018908661 0.0296761196091812 1.5787810437069 -0.00452670498043677 -0.973529075815198 25.6376390767112 -3.10354952636611 -1.66628537256843 1.56317267013715 
44 0.971948971839242 0.0319184384697616 1.61556339684078 -0.0138023381897203 -0.979816886528128 26.2780822814455 -3.11637559673906 -1.62974221299216 1.50300715943237 
45 1.01767145649506 0.0308219771716851 1.60571065234169 -0.023093676409178 -0.973065328864362 26.0816605676238 -3.16149159693739 -1.78563510587658 1.42712240577116 
46 0.974124027133708 0.0302792757719758 1.58543315532811 -0.00387907577606159 -0.984933629079872 26.252244366378 -3.17173382607218 -1.74204692130913 1.50645928515491 
47 0.986593393679261 0.0278168539799336 1.59794422772265 -0.0400313217948997 -0.975414540158068 26.0234122497958 -3.08924311280745 -1.64073514544022 1.60164453071152 
48 1.06465444939606 0.0219912096777059 1.58731359019768 0.000485238126479537 -0.960103736433853 25.9331083670026 -3.1630096457616 -1.79771023449365 1.44188050115904 
49 0.992837472663791 0.0273687726796259 1.59866029606501 -0.0118488820352002 -0.96781210585522 25.8778576558087 -3.18752011464412 -1.5945017399304 1.59208225595455 
50 0.957978462493735 0.032796905669913 1.61021193253498 -0.0180998258589233 -0.97687317392571 26.0611000616343 -3.08966656211687 -1.78896142634971 1.4433390529875 
51 1.00572766192758 0.0267588681727629 1.60277597123716 0.000208413393181401 -0.971625722735557 26.3459978134358 -3.12421316753683 -1.77341850231404 1.4507038442392 
52 1.00770757043244 0.025765006557469 1.58547414864195 0.00486553011667421 -0.990499425396454 25.8021054452886 -3.11835686326559 -1.74347121009308 1.48825701004354 
53 0.938792149356031 0.0307999372608898 1.58568464358945 -0.0187262833948356 -0.98486842699432 26.1714740739322 -3.11620577059981 -1.65190615731911 1.51538761483279 
54 0.934061577671605 0.0289377130227382 1.5908961531188 -0.0110453676873732 -0.982602666579578 26.0393155688925 -3.08649139564143 -1.54704922911838 1.61310284778916 
55 0.941706715094541 0.0272256354581942 1.58482570458228 -0.0209217439256852 -0.981846941707571 25.62667774244 -3.06844499222055 -1.63640712315379 1.50882892712777 
56 0.979236281548398 0.0276398353300246 1.6057310650407 -0.00569783731304554 -0.96320984806729 26.1268211037666 -3.10932353976895 -1.67005873281825 1.53185755014225 
57 1.02138652735927 0.0248796499761653 1.58036181913918 -0.0279523435090025 -0.979223499990024 25.9407468169477 -3.07685050828873 -1.67089535286764 1.52742099142488 
58 1.01173508501744 0.0219077720169897 1.59228220744043 0.0045745440761441 -0.968777782961075 25.8805173605437 -3.04268794148365 -1.68970844923383 1.45555628569573 
59 0.987912951507909 0.0302391811062229 1.6096927420425 -0.0222383611923733 -0.97547003389772 26.3519636480486 -3.08956713163097 -1.71066298225678 1.48845179323924 
60 0.945071276234152 0.0356163320210001 1.60662518752751 -0.00337488864887114 -0.970767582573241 26.1378105263819 -3.08630753021489 -1.75918965075117 1.44328350125878 
61 0.972066050744465 0.0276562513943386 1.58380384441367 0.013962922823865 -0.977121570391568 25.9568147137305 -3.05730661653485 -1.573436270998 1.54018719186596 
62 0.963811177905924 0.0310835325727629 1.61045088378254 -0.0353386381567441 -0.9789052242147 26.5286532465667 -3.17173101987437 -1.60753202585009 1.62837778797396 
63 0.979982169602695 0.0298706056016899 1.58895456524377 -0.019642130153171 -0.972507001287847 26.0674389790626 -3.10969287642384 -1.637947499765 1.60573954640745 
64 0.974178950471443 0.0323638902844733 1.59694509846004 -0.0248540793505879 -0.981429478934941 26.0887251697089 -3.1155914738432 -1.68084507304838 1.55048145014632 
65 0.974397325088239 0.0251617841029034 1.58296364996966 -0.0463786096054493 -0.97645145331028 26.1306516746825 -3.06961680825913 -1.580224056807 1.62730308104012 
66 0.988579939931859 0.0272656351089254 1.59856156049429 0.000339146727176261 -0.978231253137062 25.8938575299107 -3.06253554353517 -1.73640598208718 1.46908479905096 
67 0.955879860802017 0.0294453420788179 1.58718306263666 0.00293184142883166 -0.976212794017764 25.9096465234281 -3.07699990841578 -1.63917541577974 1.58468773767922 
68 0.948506742450387 0.0351376773300027 1.60520519982294 -0.052301634364563 -0.978109362780961 26.0173267179686 -3.11145991418708 -1.6352208209031 1.53629008596123 
69 1.00579134685191 0.0293226535468324 1.60971293670016 -0.0152385054297498 -0.971168488315996 26.3295374218561 -3.11106703499649 -1.64226533973603 1.55713020030987 
70 1.03798525317782 0.0271058054307073 1.60832162614947 -0.0410428079734479 -0.980230808522886 26.2095614131186 -3.11579692682423 -1.73417194910268 1.55020778087354 
71 0.998946940272868 0.0293158573241573 1.5860807292351 -0.041191975060946 -0.976128111050652 25.8328584403916 -3.07964326230613 -1.66617175344222 1.55643295173132 
72 0.952049446877318 0.0286838339866986 1.59086528269806 -0.0318238360194128 -0.986099035782485 26.1045639330075 -3.09993492266392 -1.57377275674178 1.5778691097427 
73 0.956698450430161 0.0310899905181005 1.59198942384607 -0.0166434310332866 -0.98274647042157 26.0797321043628 -3.14819227500725 -1.73553744983677 1.50747849675278 
74 1.00299029870108 0.0295711244175242 1.59580868128242 -0.0319251103374964 -0.986207212158563 26.1808572916696 -3.06401215914242 -1.5680391395304 1.50974672653971 
75 1.03205266490266 0.0288609251954314 1.59176440354379 -0.0327018562119851 -0.997861649380874 26.2617014742941 -3.08094069439144 -1.70304210310835 1.46383896156302 
76 0.986592745499401 0.0300679647126894 1.60023450976685 -0.0225409708411424 -0.993633247133375 26.2218271473767 -3.11313338757246 -1.75075312044162 1.48323096433023 
77 0.972395420264827 0.028640790222764 1.58235964692515 -0.00865477560191592 -0.993950650474016 25.7485676367715 -3.12866932946622 -1.77928348221444 1.38222576178666 
78 0.996137068517111 0.0294327057588876 1.59614732942903 -0.0181635744182995 -0.982106075672969 25.9395393243649 -3.1294115586092 -1.76556838740084 1.44952377432595 
79 0.977438464925687 0.0291953883098808 1.58384807187643 -0.0330279664821774 -0.959309427946606 25.8641175540418 -3.11244496631834 -1.50309971584453 1.66773110236135 
80 0.941633378967118 0.0305074108389202 1.59356876493421 -0.0171276243096999 -0.977291791464458 26.2872832817394 -3.08964308882725 -1.61754510606142 1.57614500209511 
81 1.01235109799302 0.0280713544836329 1.58736745709036 -0.010073153565987 -0.979198029112701 25.8158474640351 -3.08608152399564 -1.62002652269071 1.55523231830174 
82 1.02179793951164 0.027704186181599 1.58182602490405 -0.0143737250775328 -0.979288982642396 25.9797329002505 -3.09089228444382 -1.65214313647718 1.54395892096247 
83 0.998839659499904 0.0271390874027719 1.59992002282877 -0.0267237630038123 -0.984487107572709 25.9246382584626 -3.07240020576643 -1.61535418577978 1.57798911303753 
84 0.960584538049316 0.0277001190306367 1.59654195854494 -0.0143555842607562 -0.981218497622811 26.223956271875 -3.1286994926287 -1.6110821197951 1.54910235530267 
85 0.995073725203304 0.0275278914408921 1.59572519455902 -0.0467253550557056 -0.976384275867138 25.9414511786873 -3.094847685347 -1.68235444494124 1.52319406111496 
86 0.982441364053104 0.0271982961608354 1.61127948517725 -0.00414669367162575 -0.991274861767869 26.4256111994779 -3.08707830830831 -1.78472425622232 1.40494255231653 
87 1.00839616252027 0.0291973789954132 1.59486308764505 0.0261138531159172 -1.01399475242244 26.2622604166853 -3.0921258737846 -1.79939598063063 1.43836601920947 
88 0.996937772177542 0.0299645729447256 1.58052261275568 -0.0303323155793942 -0.981223947219434 26.2400826518214 -3.12545433995579 -1.7470548383372 1.44818544361963 
89 1.00961859560461 0.0253463954181142 1.59052625092064 -0.0338127764765792 -0.986149487104274 25.780514741489 -3.06007424883586 -1.77233664186973 1.43826075794422 
90 0.982712530733657 0.0307745683674375 1.59849077077795 -0.00504023926845229 -0.976410770500922 25.9332747033578 -3.09750859908839 -1.74833851845297 1.4371873175274 
91 0.942273810896273 0.0261434157974098 1.60293615293119 0.0275815914155785 -0.990942690586081 26.2484205522775 -3.06874677848381 -1.72057658282108 1.50013414350064 
92 1.0035136221762 0.0263088396902755 1.59310104888637 -0.0252440545689814 -0.982852725486942 26.106090768653 -3.11191964584273 -1.70384376422188 1.55220550494404 
93 0.981868392384447 0.0300930667945599 1.59807979757508 -0.0259723857485106 -0.983251701679339 26.1508096982767 -3.14163526408608 -1.70289510437875 1.57257012460563 
94 0.989509228253229 0.0317443773674355 1.60943377236125 -0.0234175564172669 -0.995672014354469 26.071723086644 -3.09801418401623 -1.85215882762953 1.37287910925724 
95 0.988345762299123 0.0325967297267874 1.58500290787434 -0.0193046947960119 -0.982638616907348 25.7729388326766 -3.12489675337243 -1.84121050865293 1.38716897512896 
96 0.990501963138333 0.0275185873215602 1.59939037107179 -0.0409845794213657 -0.997424707125186 26.1180353020412 -3.0555515060954 -1.51388648640219 1.5215255358301 
97 1.03856413784813 0.0255242223335217 1.57991587200497 -0.0218496027917484 -0.97541404182673 25.4385820971881 -3.1099356669874 -1.7354545811651 1.52317750680539 
98 0.962820234355136 0.0300629150051842 1.58413267301117 -0.0168547709043463 -0.981054682817209 25.9963869006264 -3.09960006155626 -1.60145747852238 1.54315109431255 
99 0.953967680575019 0.0293630019927191 1.59130631890947 -0.010340871516031 -0.977539164534504 25.975747631247 -3.12104551021222 -1.5254631401032 1.57045295465872 
