# A_lens r_tensor beta_d epsilon_ds alpha_d_bb amp_d_bb beta_s alpha_s_bb amp_s_bb 
0 0.970400643176438 0.00859156514799673 1.54494867540735 0.00735328704866603 -0.190433885891737 28.7782887414734 -3.04280574741474 -1.54569648847843 1.27845794238066 
1 0.992278325083381 0.0128054894323933 1.52841012884528 0.0100617315070106 -0.211836367788302 28.9051673572415 -2.99288881493147 -1.30816759023593 1.41735684631477 
2 1.03942910662928 0.00912409077045207 1.54706848506103 0.0151026312464366 -0.191548884807751 28.7777788091449 -3.00003134544306 -1.37842933442789 1.37564367960683 
3 0.996878897541035 0.00833881182363979 1.54264454696847 0.0413358915374497 -0.177065789198097 28.4652191564129 -2.96492560824125 -1.60599627193439 1.24817680996805 
4 1.03598177679959 0.00763934535623889 1.54135609111154 0.0374741749705305 -0.197913745907062 28.7654513325028 -3.00311603956436 -1.45148966619888 1.35453821837204 
5 1.04818786202867 0.0135110318786009 1.54527879757903 -0.0214172673057755 -0.204310798276421 28.9643984377647 -2.96724173508425 -1.39391732553869 1.31853258362164 
6 1.01210234383433 0.00959217577354686 1.52889363908473 -0.0281505941320258 -0.18629965728108 28.479173799728 -2.94143748435715 -1.43237873377493 1.32739522326644 
7 1.04355435508678 0.00855760802486955 1.53394249948657 0.0159146442181945 -0.192399537271427 28.3874485669779 -3.04350122748763 -1.45263219745525 1.38412226747421 
8 1.05169720880685 0.00704322186522954 1.53704101266808 0.0371290396615314 -0.183110126645185 28.6483195944151 -3.0146455846284 -1.41220057696569 1.35805500905242 
9 1.00704111807178 0.00717713361557488 1.53572063328836 0.0451121728059157 -0.199176230881281 28.6998228464622 -3.06413614961867 -1.36098886973551 1.4162783169145 
10 1.01995901789134 0.00620951240980064 1.54711648925654 0.0110075466464459 -0.194823366996044 28.959696753973 -3.03357950175837 -1.23551468623791 1.55972992681749 
11 1.00877932679659 0.00940102045300001 1.53535360926744 0.0168575708649045 -0.187194469997446 28.5640520330531 -2.96394330729393 -1.43002219325967 1.34249943544412 
12 1.00297709955776 0.0108242191543724 1.55090390715303 -0.00849648704528674 -0.188847890789129 28.6057274260388 -2.94364944058192 -1.44239677220042 1.30421423558767 
13 0.991647543377593 0.00951010978475087 1.53319919464002 -0.0158401456922589 -0.19657942732611 28.622344885237 -2.95919838059463 -1.47296866477481 1.25489973279561 
14 1.03938044814647 0.00791048248121081 1.51918383114153 -0.00707008951487853 -0.164187353516915 27.8403182324171 -3.023175542311 -1.19235076846969 1.56521916825912 
15 1.03084974665324 0.00942058388122229 1.5445378127458 -0.00819466728535754 -0.187827253367646 28.4876196053154 -2.94145903149355 -1.60010101537829 1.27236142905198 
16 0.996508947373944 0.0102119296959919 1.54756853855269 -0.0004047003054547 -0.182616999520081 28.6225097797536 -3.01069714811818 -1.50530221967365 1.2826106458277 
17 1.01302208531008 0.00689350183724949 1.53383571689424 0.0119592568986341 -0.206549432699767 28.73841710156 -2.97894600394871 -1.54074212604086 1.26752503177115 
18 1.05676595838799 0.00837196650972882 1.53718453898486 -0.00898648240938925 -0.195794153798588 28.7116136437355 -3.09634691294761 -1.45813920816004 1.3974462968678 
19 1.08068475362114 0.00835313081083681 1.53535630431106 0.0122186048756756 -0.192056463005021 28.3952076967897 -2.95292043894707 -1.54294996817087 1.28149103346144 
20 1.00585540013178 0.00998593089836075 1.54798068993187 0.0415361088973424 -0.20574653497226 29.2403619524531 -2.95684423337789 -1.65978546209232 1.19218118367321 
21 1.03096309300757 0.00602103426042167 1.54015908569493 0.00860757602282746 -0.178039780558856 28.4403062547354 -3.10299011060417 -1.40520909886194 1.4566769436424 
22 1.00464200765889 0.0107458878689181 1.53766325533348 0.00113591923625394 -0.192616477891704 28.5760159001515 -3.02862346718571 -1.36061763974497 1.38935125137934 
23 1.02908684679782 0.00678390744852303 1.53870727055503 0.0209763180810869 -0.199132932196215 28.7885233672949 -3.04701225160258 -1.72929102921109 1.20502078146316 
24 0.973613587907397 0.0124765424592573 1.54433921860854 0.0224792947276881 -0.180270334024296 28.5322553626723 -2.96536414600003 -1.56829089543506 1.25599170280943 
25 1.01858683705401 0.0116949445921755 1.54045399954398 0.00181433480057074 -0.193078117311334 28.8142059263804 -3.05370391678399 -1.31992399527775 1.45173458280063 
26 0.989301820334727 0.0138063939332073 1.54999778314421 -0.00714897556135153 -0.194285353464621 28.7953045044615 -2.97506803476447 -1.36881702999435 1.4229235927136 
27 1.0083424474658 0.0123366913601832 1.54392931465881 0.0287536952379215 -0.197532334289842 28.6349321007764 -3.06691902319248 -1.42931957950552 1.36011379906521 
28 0.964209771004822 0.0142742135812408 1.53402705605797 0.0125282141253478 -0.190705176401172 28.5566893501222 -3.05337165384477 -1.33254244091435 1.41075348695101 
29 1.03415749920918 0.00513524985187473 1.54492593031394 -0.0194783601560921 -0.191884742864808 28.6773485167337 -3.06687473375149 -1.44589039345175 1.37014822052231 
30 0.987270018971542 0.0119924819271088 1.54590730807007 -0.00180592307444403 -0.184581291948381 28.7018093414394 -3.04016353032724 -1.55323028396956 1.30107283380153 
31 0.971405448813565 0.00914640708763358 1.55626922893622 0.00421295952233354 -0.208713775063448 29.3180528432747 -3.03987440230018 -1.46338902700665 1.34678313433481 
32 1.03267968399698 0.0054622032405821 1.55851836009258 0.0222738861934277 -0.179981580844748 28.5647082562786 -2.97377274528347 -1.17790510449282 1.47952886964384 
33 0.991585276604621 0.0107817348163147 1.54717983019523 0.0584364917379667 -0.20645085037961 28.9353001847363 -3.00532476763557 -1.46068939727592 1.33530407466205 
34 0.990504389300989 0.00743683757264141 1.54045186765393 0.0550270459903314 -0.189820771467375 28.7504994574189 -3.00241229576588 -1.46144897544995 1.32106178629505 
35 0.99826855587451 0.00969784762245218 1.52733208022716 0.0223493061446272 -0.208050515976166 28.8523270987303 -3.01241380268979 -1.42250015286802 1.29574488187241 
36 1.06399161734975 0.00676870487884591 1.54063494201107 0.00729130689563488 -0.195132209197902 28.7715358006201 -3.02497313936532 -1.51052429403332 1.38542231260883 
37 0.991650311869391 0.00886831431956449 1.53936639637044 0.0103008685607073 -0.189061868058758 28.5635070135905 -2.9753183971638 -1.46675914751083 1.34293762805961 
38 1.03050353004082 0.0106998500485799 1.53152225563909 0.0227579214927977 -0.206514234586257 28.7155892646452 -2.95621271009592 -1.44906006704572 1.28572667577431 
39 1.00879926963807 0.00772535851167201 1.53402190789159 -0.00297569347261598 -0.196914670266876 28.5096343470681 -2.98475266218102 -1.55487304365162 1.27265125026399 
40 0.970827297775366 0.00961550747274019 1.53246076836546 0.0237037790642693 -0.201065764808927 28.6507530821115 -3.0214639336681 -1.37412903170503 1.37197951096188 
41 1.02446398621723 0.0078939730045021 1.52106817922345 -0.0157016487361696 -0.187332527771584 28.0929464521533 -3.03322978519624 -1.35223941974228 1.43778444786106 
42 1.01248695939553 0.00562867876377352 1.53818540753753 0.0102564440099963 -0.218818202947274 29.1666165253168 -3.00320999852077 -1.4569943969397 1.34479296176538 
43 0.993175415340314 0.0099148407106994 1.5422648017234 0.0055736390574279 -0.181255621717001 28.5322560228025 -3.03103642569106 -1.52198368353596 1.31171572695331 
44 0.973640041330056 0.0132017288360074 1.53390410558606 0.015537756604726 -0.21208103533845 28.8801286462208 -3.01363391950999 -1.511683304854 1.37636579566932 
45 1.04485693164105 0.0106694473905349 1.55443989001422 -0.00176607291248369 -0.192654186349833 28.8947043190399 -3.0581155643072 -1.56867107500194 1.33522968011956 
46 0.996971913485783 0.0119133366899935 1.52344581557515 0.00130160311020351 -0.193071257687506 28.6379876175244 -3.09988384090012 -1.62332377952265 1.30640281065809 
47 0.995282745861966 0.0098116845128541 1.53917153864332 0.0120212413925103 -0.178653702759162 28.4550942408943 -3.01311998565279 -1.55401289906022 1.29274566066261 
48 1.06695484835314 0.00507010640902299 1.53148824947952 0.000897811120283652 -0.190006785643046 28.4862189520905 -3.02467353923189 -1.68841344163197 1.19748543959641 
49 1.0055646355336 0.00900155560432418 1.53987843709577 -0.00299127662798032 -0.191211760548711 28.4738673763054 -3.05975613871739 -1.44066569374938 1.3730963361234 
50 0.985955248940587 0.0116050034500944 1.55008289144795 -0.0138608678851199 -0.185957992690309 28.5913830901393 -3.00876790684607 -1.27855657077262 1.49173128896799 
51 1.02373402153992 0.00735168028641627 1.54736559570248 -0.0115165952064295 -0.19976920115132 29.1399930916988 -2.99235581846641 -1.67972715836737 1.21581841568428 
52 1.01054964910276 0.0101544316950363 1.53263340184847 0.0144331647294625 -0.183608088842805 28.2461426888987 -2.98997292721105 -1.66203410349972 1.21619914086644 
53 0.954729205427167 0.0135161062622595 1.53734253577944 -0.00650148796788953 -0.172597400694454 28.3316302545804 -3.06868687205745 -1.49790888649446 1.321174092677 
54 0.948893792986381 0.0114404646238277 1.54124943280691 0.0520343550787759 -0.190051006366763 28.4310877204709 -3.0104759048444 -1.55861728783475 1.25634890153103 
55 0.95980500239547 0.00921975864854193 1.53165163648425 0.0198727339102557 -0.19367590665758 28.3656477867048 -2.97033350210919 -1.14626877820416 1.50286554413579 
56 0.997517769330721 0.00934370035850483 1.54859709013059 0.030213449994053 -0.171161870820067 28.7963082052715 -3.0255122906264 -1.31827373929142 1.36946775912299 
57 1.04140216007288 0.00538316817301009 1.5297856328808 0.0296183529999607 -0.20715726292247 28.6900493372501 -2.98150715284719 -1.34653160928373 1.40288708528469 
58 1.04105182204699 0.00479690766818877 1.539918550817 0.0237092735548692 -0.18478623326072 28.5253478459865 -3.01047337595559 -1.44085961445025 1.30919472293411 
59 1.01620812018504 0.00963166371271028 1.53203560552577 -0.0010010290466905 -0.203338890879286 28.7859506789489 -2.97334448952789 -1.50078398471908 1.25433431151506 
60 0.97290069111176 0.0138767752394563 1.54270582738255 -0.0118597839072613 -0.191971386570297 28.6968028201256 -2.99417482385646 -1.50172645902229 1.35565716936533 
61 0.994710984970256 0.00769974826116372 1.52570440150065 0.012321104154361 -0.189230676542032 28.3426989422395 -2.97519796818041 -1.40500269066277 1.38530280374863 
62 0.97393930148164 0.0118406726723171 1.53818677457087 0.035157727288677 -0.186117788814252 28.5966461314759 -3.11196066547934 -1.32769039105213 1.52570909682008 
63 0.978391778729586 0.0110780555180164 1.53406261220011 -0.0258187138262209 -0.191040522980056 28.5398493569919 -3.05178746155318 -1.53968081377496 1.37556481204379 
64 0.996485461044703 0.0105201202942652 1.54177241102599 0.0238663998319492 -0.201673383081282 28.7790146257357 -3.0446446099009 -1.48698030764002 1.33542293408475 
65 0.995798805888718 0.00704873104475613 1.54238381390543 0.0214882976673026 -0.183373517167137 28.6439486432722 -2.9679863666658 -1.3134805150575 1.44816435202838 
66 1.00739401941429 0.0060569144520718 1.55434701524143 0.0261886913462662 -0.193649811898884 29.0490966312495 -2.99924229332905 -1.51617072954446 1.36391627974287 
67 0.982708362098812 0.00978213221827178 1.54175911620947 0.0396071771877259 -0.203648815145448 28.9789908253889 -2.98479830546507 -1.44012355545534 1.29107006854897 
68 0.963057737239564 0.0137597429367316 1.54207978763854 -0.00617114955258772 -0.181422205185192 28.3618564211625 -3.02449605825129 -1.34388008294261 1.46015861991223 
69 1.01923353385653 0.0110184596059316 1.54583220610544 8.96517707411989e-06 -0.168583377157197 28.2931965930031 -3.05587504971418 -1.35725373176417 1.45741456367008 
70 1.05553265794356 0.00622549844207582 1.54803694477347 0.00512154207277346 -0.183403270071654 28.5471792498701 -3.03604745734565 -1.47293663229011 1.40035671480152 
71 1.01984546560024 0.0107890956276585 1.54563798976317 -0.00971434076645215 -0.204245761279357 28.8155443854129 -3.10626478200282 -1.3767926173587 1.49625357410179 
72 0.97826993228132 0.00945703491786315 1.52854997979735 -0.0162825397255669 -0.202718082308875 28.5547041944719 -2.97419981443162 -1.37858044574916 1.3368158983258 
73 0.984332249236158 0.0109863092277269 1.53153598733201 -0.0119080143540708 -0.192935764975665 28.5583159404731 -3.02666640691774 -1.47498356504783 1.35670356128893 
74 1.01943570405404 0.00935456855831564 1.54638195688661 0.0143047445931034 -0.207650768619291 29.0581580269422 -2.9411346789689 -1.46987762689388 1.30391789311734 
75 1.04105319680403 0.0102547138972108 1.53709378641281 0.0194248468336105 -0.204766347300218 29.0922507797756 -3.07918999713417 -1.45679795558115 1.47265118861098 
76 1.00571098912707 0.0120862014398098 1.53688693258584 0.0478136256212118 -0.211561835524685 29.0321713995182 -3.01486525442571 -1.42873970927329 1.36449978522133 
77 0.981928079468441 0.00996497096922424 1.54346292123185 -0.00410568460123899 -0.194576243065498 28.7226982592414 -3.01430922462189 -1.4952298560266 1.24387779205827 
78 1.00171849255996 0.0104504202560315 1.54070358249561 0.0209453963461915 -0.191188052296177 28.5941631857065 -3.02985942933695 -1.37228131604528 1.41022275994472 
79 0.998582120067077 0.00988055324779737 1.53808036696149 0.0105345713635277 -0.193914001057673 28.6461187197225 -3.07349450411614 -1.5539304102347 1.35477559178015 
80 0.970296839457435 0.0103954202341291 1.53323175615467 -0.000624009766961704 -0.209070944178112 28.9453578431131 -2.96738700268215 -1.54206117241429 1.22993732303578 
81 1.02194521134448 0.0092292240692528 1.5323893091775 0.019564267395023 -0.195013131306572 28.6121727179803 -3.00691740985557 -1.16114989660465 1.50137959966577 
82 1.0276707587499 0.01132088159702 1.53447554423027 0.011202013190834 -0.201309544483384 28.861479061998 -3.01283946237151 -1.56223754318609 1.38994293617633 
83 1.01145871366024 0.00638882957646676 1.54489112971225 0.00618918023236454 -0.166931022769505 28.3411417929723 -3.00897390943003 -1.49703862901556 1.37777996069198 
84 0.969177718772107 0.0087625226043407 1.54225941530633 0.0184223481078434 -0.183612697154047 28.6435127857299 -2.95116655617346 -1.45603860447795 1.24461987483563 
85 1.02031733245635 0.00841801055604557 1.54172582238861 0.010170832804296 -0.209313251787541 28.8672275500724 -2.99419657272323 -1.48313133546086 1.28401819076095 
86 0.998901133734623 0.00672986673928898 1.54337929317971 0.0295831193069366 -0.212965446569415 29.0567846179504 -3.03786960408193 -1.56204490058272 1.32018460702856 
87 1.02046502585959 0.0103569727141583 1.54277409292126 0.0252243651270409 -0.205649293070892 28.9705591302947 -3.03196777231953 -1.72348984904282 1.20584272482269 
88 1.01005877157487 0.0113419767788101 1.52578620162686 0.0133816814313139 -0.189053588112382 28.3960511628259 -2.97081301665273 -1.50625862609723 1.2341251704511 
89 1.02666309684299 0.00749360551577405 1.53724335837637 -0.0248445706433198 -0.191206905903027 28.3949171473406 -3.01274623791183 -1.5325815104279 1.267195648623 
90 1.02207064907618 0.0102472361447833 1.54496388715743 0.0425630655260456 -0.206380719876786 28.9396429016165 -2.92952964457638 -1.58366252157155 1.1937884101652 
91 0.961896409379683 0.00730249769650637 1.54555607163992 0.0355325240239287 -0.199929828043239 29.1189646721296 -2.98533068383106 -1.47210807368047 1.34788144503785 
92 1.01266515360497 0.00874014904317407 1.54379442979902 0.0166732051793088 -0.190523183363335 28.6465776595755 -3.0024959762505 -1.42355164163268 1.30801824531998 
93 0.996460755181008 0.0102515628365185 1.54285227772699 0.0082063719211797 -0.197296689008657 28.7895153412868 -3.00583913346876 -1.48314799737308 1.38870987693167 
94 1.01493633206506 0.0108428577148881 1.54198102011442 0.0047976639348594 -0.194409388353422 28.6811056573462 -3.00063397888224 -1.7775638164228 1.13444578672465 
95 1.0242883942727 0.0144671949675222 1.53116602389552 -0.0195703338656252 -0.207705336826205 28.7552813053708 -3.06144860634088 -1.595197646933 1.29586286237789 
96 1.01175498762427 0.0073941708629805 1.54218242998331 -0.000538247728116127 -0.199886401261159 28.7603689750653 -2.9800144460867 -1.39123979945704 1.36224063411037 
97 1.04995364477485 0.00501591111691824 1.53980910885518 -0.00850142344553196 -0.180664066216493 28.3296749255139 -2.99626735718963 -1.33805423385626 1.4232935854412 
98 0.979736099347942 0.00957448838698604 1.53623041246228 0.0117143782080258 -0.196539534813981 28.8344197855858 -2.98078793841784 -1.43894752795273 1.28833764527953 
99 0.96935582954614 0.0111662685481606 1.54287873832936 0.0189175556412684 -0.182574782234249 28.6781628561031 -3.06437308117523 -1.45584368632994 1.42517725014332 
