# A_lens r_tensor beta_d epsilon_ds alpha_d_bb amp_d_bb beta_s alpha_s_bb amp_s_bb 
0 0.960827395403066 0.00630719146171137 1.56429304400892 0.00694411332505789 -0.195765088521372 28.3810825912187 -2.97144300523642 -1.58530869862735 1.23652793795403 
1 0.954770140326654 0.00860830324236791 1.56464469295612 -0.000785888718806821 -0.203815961891406 28.6172206723253 -2.98159196434679 -1.3771401184006 1.34932012583546 
2 0.998179243091487 0.00397555822017175 1.57395885807485 0.0142124432281594 -0.204424679214338 28.7380794848398 -2.98716483912312 -1.40827517789773 1.36471038770927 
3 1.02224064479033 0.00145287420589082 1.56995113620755 0.0284725828065373 -0.185385023043194 28.2318105286471 -3.06662004134764 -1.59602853134262 1.31590816285001 
4 0.97179332041892 0.00732204498089673 1.56562467351107 0.0379981489648933 -0.198844857054807 28.2807308043603 -3.06033041345139 -1.45815176109442 1.3754305847619 
5 0.956813342194956 0.00543241786785922 1.56319547896624 -0.00156730014287892 -0.205085411744143 28.5421301695229 -3.03402561734789 -1.45635537168342 1.32661092820671 
6 0.95781969229881 0.0027762652727525 1.54779174043499 -0.0228803013277456 -0.197939217901808 28.213040392411 -2.93307333256925 -1.48464177378932 1.30332171932228 
7 0.988922941542575 0.00502079983813166 1.5624479145976 0.00747122649975612 -0.199949137451578 28.3158224414467 -3.03773579215197 -1.51394263054972 1.35709820684427 
8 0.991186119654196 0.00260405136582033 1.56792418133549 0.0302899756992342 -0.181818013687826 28.4080531162457 -3.01200102917195 -1.37428448835355 1.36216287553851 
9 0.958783379864783 0.00363465548438796 1.56230130798419 0.0268701597879206 -0.200165371077356 28.4072882625673 -3.02095825685926 -1.44709663773976 1.34121287649796 
10 1.02191190346231 0.000568595864360258 1.57480597496181 0.0026567683259675 -0.199991191408912 28.5349947476364 -3.07148126208859 -1.24032069530126 1.58100377001663 
11 0.992947048049141 0.00225039306831605 1.57301586664733 0.00119978567583889 -0.187689183346538 28.5395532268216 -2.94925562811674 -1.45054452350504 1.33766538845258 
12 0.989393017327812 0.0048490923951018 1.56728934740851 0.00204084412787572 -0.202162448265383 28.4918822037916 -2.93654618092526 -1.49323714102363 1.26222850614329 
13 0.995858315167658 0.00301062904423049 1.55964118382275 -0.0171579986826469 -0.204179198177661 28.4176657445164 -2.93757856618534 -1.55728764091629 1.17881171527467 
14 1.03013353144037 0.0013988827582145 1.56505842777241 -0.0163882319427 -0.174470059185648 27.8925548679835 -3.06696874974312 -1.26031769765373 1.55642684133443 
15 0.982141228564891 0.00526721303509258 1.56833846925389 -9.90926423871037e-05 -0.19159042373732 28.4291756387292 -2.94979627399341 -1.66053129346647 1.22940575522461 
16 1.01516347882061 0.00321321295172768 1.56207676110781 0.00455017058360024 -0.193461418567008 28.4168710228248 -2.91190363942395 -1.49334543019996 1.23134245659557 
17 0.962325880408172 0.00856942322177968 1.56146998738986 0.0108647869356352 -0.193371990684976 28.3561538989884 -2.92888940048103 -1.52755281234209 1.24298349652648 
18 0.975535981332174 0.0044321040578837 1.56330990038992 -0.0140967829791748 -0.200489452554661 28.3751031661229 -3.09627112273836 -1.49016596340071 1.36381118865942 
19 1.0575999043241 -0.00138661979077646 1.55837567985876 0.00925938551013027 -0.199557705894506 28.0781418278634 -2.96630424279299 -1.45422331125918 1.34755882123485 
20 0.972736261318028 0.00624390645398369 1.57869739598491 0.033340683567558 -0.207496277884229 28.8963047470368 -2.95256054669846 -1.65112212277908 1.19657594267425 
21 1.01184007727332 0.005001693889933 1.57024550396811 -0.00105993717620247 -0.188648565730377 28.2995280412813 -3.05508106730245 -1.45251563007419 1.38589729597682 
22 0.983820102259995 0.00494613467924849 1.56568692188573 0.00152244318004887 -0.196893023603289 28.3680770153543 -2.98479264649759 -1.40103871578493 1.34318033363785 
23 1.05303291210161 0.00251306666798311 1.57010394905434 2.34618624566923e-05 -0.189564634974092 28.4159159901834 -2.97588556568671 -1.70407507462628 1.18969242483122 
24 0.996714167889247 0.00565396273350647 1.56942784264 0.0335662654441259 -0.17706281790907 28.2597460853031 -2.9997369577959 -1.52890108893927 1.28951609796067 
25 1.0132457436876 0.0034644643441753 1.56581854137465 0.011346907257669 -0.206441617963844 28.7948411171807 -3.09473844787212 -1.35214604191105 1.45601238385559 
26 0.99871718230545 0.00511338318473113 1.57155922606864 -0.0100791909098926 -0.195059277668066 28.4116528110365 -2.95505163926868 -1.27305658980209 1.44792386972388 
27 1.00763228582119 0.00133147780077797 1.56651168393847 0.0211106894489158 -0.19476096108642 28.2864832135242 -2.96175332776162 -1.52410425153058 1.27006089999787 
28 1.0017720300099 0.00289140380825953 1.56626085488695 0.00326666619833872 -0.195708460264914 28.3416667963688 -3.03670121123704 -1.40818475342399 1.36800182372974 
29 1.01478931996445 0.00442248467954704 1.56527513483062 -0.0152689883669753 -0.20012465409796 28.4136222504981 -3.0194948557518 -1.44779448319712 1.34874097863731 
30 1.00390576582137 0.00443143520672692 1.55968900221423 0.00687980596149672 -0.193130112798239 28.453533397608 -3.02733569657242 -1.59750879868844 1.27066464448757 
31 1.03098439458239 -0.000118055212690735 1.57125669248175 0.0118323078327345 -0.219955082178936 28.8649915588475 -3.05810029121069 -1.51100377547982 1.3153748279523 
32 0.973486651276407 0.00384543242264743 1.56651049887759 0.0218904086075618 -0.19890475532366 28.3764055153651 -2.94439397159486 -1.34997832003686 1.37549107269154 
33 0.951245656827629 0.00409342998974918 1.57765195707671 0.047722309698118 -0.20795619051613 28.6110961177783 -3.00944587556278 -1.43624855441164 1.36537875265247 
34 0.994983550281906 0.00367043102790675 1.57089511394234 0.0412049952051703 -0.20296243934315 28.8448542508767 -2.97231689204299 -1.50893937619124 1.29423321095909 
35 0.994633222480175 0.00923701168874638 1.55826240395526 0.0186470375312348 -0.206862062359756 28.6207445314763 -2.99490793860431 -1.45730467698426 1.28150023722965 
36 0.947712496243158 0.0051144847479811 1.56793870442559 0.00791963171487234 -0.199963359844038 28.5715901987322 -3.03708279132429 -1.56511277132966 1.33957956770625 
37 0.999218632022737 0.00245135557389106 1.57618180235356 0.00373375272778026 -0.19418198286185 28.4755787718552 -2.95672938734856 -1.51458658412911 1.28857022286446 
38 1.00384220526499 0.00502685934687172 1.56313503799161 0.0101335263724074 -0.205809739714831 28.3164655946727 -2.89489212094868 -1.53540528872906 1.17078923687718 
39 1.01997008054694 0.00613768513397037 1.56782817496502 -0.00900558606657401 -0.197799645275122 28.2828397084088 -3.00850487715713 -1.40572156599751 1.37699120138253 
40 0.985095570196252 0.00283550148814466 1.56726417861343 0.0113808308982718 -0.196222991661074 28.2825727176273 -2.94924669208654 -1.4290668164946 1.28513046639141 
41 0.979688535825204 0.00678851762715179 1.55179283189066 -0.016662643355832 -0.191189700165176 27.8614444440103 -3.02358746949045 -1.45694848638487 1.37553061524759 
42 0.968390086550399 0.00478524374308972 1.56214783489184 0.0114047415799662 -0.223029820679011 28.8815130398597 -3.0323803144784 -1.482605615242 1.34961022019535 
43 0.967648403626001 0.0039101337394539 1.56523152057887 0.0147451403580988 -0.181217427027201 28.1866920651647 -2.97682154850218 -1.59865827947007 1.24148936171636 
44 0.995460397918411 0.00556020878756124 1.56921116122579 0.0142347379619043 -0.216581073315477 28.8043842349602 -3.0208830414291 -1.56671192880316 1.33511622533269 
45 0.977354189987253 0.00357581650074929 1.57051350250589 0.00604312494211607 -0.198543985105588 28.6374808187041 -3.11075822783511 -1.64893111690099 1.30922618035273 
46 0.984815686473763 0.00530131537587692 1.55192902828373 -0.0202498309601968 -0.193409935305506 28.3400883087685 -3.08121450943147 -1.72277681112281 1.22146352639678 
47 0.960806148666026 0.00487600237987705 1.57314616332397 0.00342823640797769 -0.185945680352111 28.3250959070739 -3.08602248828511 -1.54525901287826 1.31861915707186 
48 0.982178942141042 0.00464810194727773 1.55616636418616 -0.000162509335195586 -0.198991041162019 28.3671855030586 -3.02299490066175 -1.72021756264793 1.19330097115718 
49 0.923011170552877 0.00618852789028077 1.5613068353626 -0.00716960719618832 -0.18969832030239 28.0049844709472 -3.01560328849311 -1.5245023718983 1.32128916454568 
50 0.996080538175322 0.00342666237815006 1.566279710869 -0.0086925553403915 -0.184602983366456 28.0862345532282 -3.01590510679549 -1.39983280559828 1.43911112129318 
51 0.979312585058577 0.006196269684349 1.58621895243315 -0.0289140925968341 -0.198237401797732 28.791858706425 -2.9559738980781 -1.5631097903063 1.27005073007162 
52 0.989628860549544 0.00205667235059054 1.55342158042182 0.0171930221189217 -0.187202792164135 27.8682976327528 -2.97223779190852 -1.69002462438263 1.2037145826398 
53 0.96751216279794 0.00402625065097021 1.56333187425445 -0.0069708258539147 -0.183692253213874 28.2794734772781 -3.00262795511431 -1.49994961880012 1.31232912394035 
54 0.927932452128314 0.00685294300916751 1.56544686978364 0.0544734108825145 -0.200380137476983 28.3433110461598 -3.03366019947761 -1.59039600028865 1.26578094368151 
55 0.934776187032527 0.00551596543699586 1.56512754543137 0.00641869444789143 -0.200953617091622 28.3867614392841 -2.99183528268584 -1.33719059549876 1.38877730051757 
56 1.00120634173594 0.00440636007629023 1.57630366991512 0.0161738522629955 -0.184592306900748 28.7445120249357 -2.96179146392456 -1.35407283739452 1.32718966679518 
57 0.951253438178825 0.00314505838677591 1.56152574189658 0.0180531224912039 -0.197521304886281 28.3028246480424 -3.00615705590237 -1.42576816938783 1.35168614715188 
58 1.02471726771106 0.00354862565929328 1.56595961535052 0.0173639162700323 -0.189724537624291 28.2654468284582 -3.07947415531285 -1.52923979160197 1.29427144436596 
59 1.0164998519953 0.00254590839281636 1.5607249795385 0.000354122226331589 -0.214414132806965 28.760317083032 -2.98367839408043 -1.48260046944996 1.26566800759511 
60 0.988528321809659 0.00255279430870112 1.57043835729676 -0.0146584132173491 -0.199519482085492 28.3412036827864 -2.94908531895536 -1.40621103644186 1.37847986092348 
61 0.981301618633091 0.00344910578824671 1.56271216559839 0.000223588251554864 -0.191268745923937 28.15463945947 -2.99390590897454 -1.40749416485666 1.38800968615366 
62 0.940900985576051 0.00686900349076855 1.5708320933169 0.01856691125955 -0.197342335627044 28.5239428748296 -3.05695012502947 -1.40116722229944 1.46508976693393 
63 0.968093686866614 0.0030220338975415 1.55700587560618 -0.0336881827066921 -0.193262064838681 28.0939849483109 -3.07023676659563 -1.53577329159363 1.39349881324992 
64 1.00149361495361 0.00335307910342236 1.56819715232454 0.024822023972625 -0.207271623434828 28.6670506352572 -3.00693225251275 -1.51310670551726 1.30960001041499 
65 0.987588510063263 0.00319182182823575 1.57155364846784 0.0233875028840721 -0.186441218789947 28.509247449133 -3.00166110088051 -1.40838472577569 1.40752504723567 
66 0.998473891869627 0.00164268538958404 1.58219120610543 0.0261165243714117 -0.204700084705662 29.0399936257063 -3.02215369696634 -1.51508281023762 1.36163512503019 
67 0.965590483669727 0.00491926778407788 1.58133783462104 0.038072636898976 -0.20486774912583 28.7293257857503 -2.94665713657026 -1.46687953833576 1.25835954884791 
68 1.02814266638286 0.00442799422999052 1.56100046348373 0.00068823375271325 -0.192600742552858 28.3800666615961 -2.98989201491787 -1.41719380535291 1.40024292994435 
69 0.990417543043397 0.0028214442001025 1.56573957611694 0.00245123922908188 -0.187473415408987 28.1259606086969 -3.01619201687459 -1.40935008226443 1.41790330097286 
70 0.979487013701251 0.00344849024745947 1.56478644567958 0.0143784256707796 -0.187459105718916 28.2733658231763 -3.02868425548655 -1.48023820765161 1.37551818697129 
71 0.997778880267022 0.00329945680254148 1.56779921470417 -0.00818903874919991 -0.218241508356092 28.6111921617045 -3.07654103999623 -1.45093446344776 1.41254175861507 
72 0.99008813389094 0.00455234288700767 1.56916894872023 -0.0264106729671226 -0.205961683490345 28.5196169195774 -3.01286640249272 -1.32910864276195 1.3877941266641 
73 0.955501987966088 0.00362647725885316 1.5677537264527 -0.0145115550642834 -0.202271516259263 28.3335146606047 -3.01808507886434 -1.5104686652157 1.31813837608042 
74 0.95411905937723 0.00938811994166804 1.57430558564951 0.0198472556439589 -0.206855030563881 28.8511613563076 -2.93648856797201 -1.4413722442472 1.32843149006944 
75 0.993573991438601 0.000787113107770146 1.56581410275316 0.010708193178411 -0.210903910088569 28.9429034510806 -3.0017630194374 -1.53616032428637 1.36780898252627 
76 1.02738915105202 0.00485119704799678 1.57020657217749 0.027281602014164 -0.200673842402581 28.6502419148205 -3.05878349972455 -1.5676450150273 1.29952919590804 
77 0.980921831738241 0.00203115671220892 1.57722694368608 0.00905052957720648 -0.20222823465743 28.7439156868207 -3.00868298946007 -1.42092127499254 1.30607164596327 
78 0.969844337916064 0.00157097445532417 1.56405639833898 0.0186248009960929 -0.19420853241225 28.3321996626897 -2.98128341039217 -1.47243381935646 1.33329015911383 
79 1.0639409683344 0.000435703435931152 1.57185888504592 0.00162467403902295 -0.195307838617876 28.4855884544489 -2.99064714975163 -1.54776297593295 1.32189587392652 
80 0.997884920932252 0.00404331801211942 1.56627939541239 -0.00558458588139668 -0.209360680348999 28.662907152289 -2.91947331300345 -1.6967322918392 1.08705249182146 
81 1.04179585778541 0.00306639989469188 1.56506380586726 0.00284394343322373 -0.195582382411184 28.3594806196125 -3.00798018723152 -1.15746534480154 1.50032887748665 
82 0.99697621352946 0.0042587266290339 1.56942226897858 0.0143090415556033 -0.198663979678174 28.6906910682278 -3.04646185044232 -1.53120353527012 1.4225468137536 
83 0.975366877250958 0.00395024377036496 1.56854185085461 0.0106825560791966 -0.179783579664994 28.2214781433001 -3.04975133195258 -1.50145879849907 1.38355889119379 
84 0.952390888252514 0.00569964433726176 1.5653430221591 0.0152123708350925 -0.185089305241399 28.3404915005602 -2.97579213550047 -1.5984364639084 1.16742877833364 
85 1.01613041799374 0.00661697391527109 1.57251585144613 0.0101083612457955 -0.212438725867052 28.7337487732969 -2.98519305952591 -1.54546453106485 1.25510219930956 
86 1.0103248846557 0.0025024515170728 1.56296454725341 0.0205889702988243 -0.224659991409209 28.8394605949122 -3.04177585493146 -1.62148581393193 1.27257271837952 
87 0.971673440298357 0.004159477996029 1.55873852521488 0.0257447688338379 -0.205408958077963 28.4865431769545 -3.00128046589663 -1.69836936444032 1.20902000977441 
88 0.984333498130519 0.00436044778620677 1.55705893494277 0.0112612631616201 -0.201623430072396 28.3073902460934 -2.95652247541739 -1.49492166288458 1.22853424558221 
89 1.00452617725774 0.00390253516089966 1.57525025697346 -0.034153812290354 -0.192056472866978 28.2681773097904 -3.04246971644165 -1.58327990707029 1.25951650110645 
90 0.920333882851948 0.0049320604092319 1.57285659306317 0.036234381312752 -0.209665357030015 28.6623304945527 -2.94007445845669 -1.57618845863528 1.18982335619004 
91 1.00857219785032 0.00359633184825149 1.57449294333662 0.0355060727015179 -0.197748857579153 28.7859989167924 -3.04591489255428 -1.54248221042502 1.33428927236488 
92 1.01010596310551 0.00573482068480491 1.56641016046437 0.00953854979026207 -0.182865389969853 28.2057602499239 -2.99325326156782 -1.52402401233214 1.23445314976482 
93 0.990355932505846 0.00513889809717458 1.57521212762987 -0.000720339553131743 -0.207467886818641 28.8880804028335 -2.91889193699649 -1.46610258644361 1.33299455286986 
94 0.975683404475136 0.00630853401470928 1.55972829478308 -0.000326936726624514 -0.203909162734204 28.4533630363325 -2.98577787027741 -1.79878397913622 1.12038833587232 
95 1.03172648638353 -0.00018577408408255 1.56438098301927 -0.0276442098038861 -0.207668600654719 28.5429468838955 -3.01347367829373 -1.5983849756928 1.28108640376692 
96 1.00239999329251 0.00478611159200015 1.5795450122063 -0.0106280855244923 -0.206810708866444 28.7252778252691 -2.94860115484302 -1.41962527446955 1.3372452192255 
97 1.04858425368553 9.88326268593471e-05 1.57447938651001 -0.0184872884763097 -0.19506461882084 28.3752653803696 -2.98999960776826 -1.3064571817497 1.43484576828995 
98 0.990612582239181 0.00431949112586328 1.5699192506859 0.00961509295011393 -0.197646142446786 28.6626936105273 -2.96134362744927 -1.54905800740866 1.22296145087347 
99 0.990891888870163 0.00376776535814258 1.56730887776162 0.0132131589846082 -0.18182539832326 28.332445337658 -2.94753179939886 -1.4355958962864 1.35782299314831 
